1.4112805597928095 0.4278263366458961
0.46057266610121106 -0.3526987852072394
1.4859319996800542 0.14833134221604416
-0.2816005568226081 0.89369715484353
-1.1178128649310657 -1.870533850433476
-0.9145891152710157 -0.04846484502686765
0.8520186227125994 -1.9946727726435252
-1.6366119322452914 1.3468504724178372
-0.9465981046086887 -0.6961726728277715
1.6411915437131768 -0.6706820864096246
-0.8829997715140245 -1.8115783925161595
1.9382487046436836 -1.0942839474393606
1.3064100577403286 0.17395543263128044
0.03948420152052856 -1.062515585947835
-0.5391047391936499 1.6474859463879055
-1.92381286503534 -0.27739089289447216
-0.517312130551582 -1.1400572105060913
0.2759950564190943 1.2135671872107436
1.1388234361091958 1.9514243346991784
0.7777112101717925 0.031068818549227384
1.1907392563625256 1.7483622880970122
1.7219713937879715 -0.20781839555755122
-1.5135630886525933 -0.6990063396610946
1.6916676164235018 -1.4455697696006906
1.1660048545376824 1.6801395128721337
1.6873231896911864 0.09075118482645017
-1.718949281698014 1.5420478065093945
-0.4653068303655501 -1.086865120674692
-0.19544297498551044 -1.763823016012949
0.028982294711280332 0.6637745102156236
0.05575705588212765 1.9484388540464033
-0.9043036634031161 -0.0750838990343925
-0.6979451639655552 -0.5181998948691389
-0.40899146008904586 -1.940876595245546
-0.8484694251415497 -0.09326519017268664
-1.8155376047679082 -0.16273716841276942
0.12229761624414559 0.31166319959379996
0.19222531616541927 -0.7927853361945423
-1.3487690791309852 1.9527728969408917
1.8091578930151169 0.048406380602064036
-0.1862034865997635 -1.7686684272989686
0.7187117028538319 -1.9362048075201472
0.21506819344253758 0.8315988532784044
-1.278022664386909 0.2812891172326899
0.8967935392453632 1.8941957308049466
0.22067007016455342 -0.8947678687204976
-0.2493822036218849 -1.3765883032486665
-0.7088097466188783 -1.0354422388359583
0.8561043754899851 -1.7629296082726715
1.1351262123171386 0.1150604111550817
-0.8382458009672984 -1.4691174258495554
-0.10809237375810632 0.16644753961086156
0.21023015401377299 0.8157019553882425
1.9429866941651937 -0.8912554517450717
-1.6979260750006935 -1.3736830634192665
1.8052096198941574 0.12626035385459433
-1.868758237070295 -0.9261863226281726
0.03685481506059762 -1.3345587882246193
-1.2296202685122117 0.18769843897626792
-0.22438131893590496 -1.3154922982508048
0.33799455432996606 -0.7677148837929306
-0.7639036639424974 0.2962357462366123
1.6214874340670855 0.19071012697985612
1.8266593565192797 -0.8181143322790767
-0.5840320438810043 -1.6676422543507505
0.42396208696266635 0.024856818389414226
0.7274084195367507 -1.9747579113424645
-1.5883045206543702 0.047825375426038264
-1.8818641404377145 1.669519545177847
0.3688931463103433 -0.3775976566495136
-1.1306902076473717 -0.10665030693444155
-0.16320404690546209 -1.1344301339718386
-1.9742769249798693 -0.7572185401460385
-0.3020832607793311 0.7993965503230624
1.2806054697931697 0.0521882472511801
-0.6558839587347443 -1.4718568616654406
0.07814673394032967 0.11930503416678517
1.9724997291775828 1.6952481082636948
-0.24066182866261032 -0.3721164018837597
1.758141007634154 -0.1839585606523806
1.4038851437080693 -1.6339525849460772
1.8964227637937894 1.473129652164796
1.7443150079114074 -0.11693465082263499
-1.2430404274106275 1.9988899854795132
-1.5521494566185456 -1.9721016913648888
1.312315438120799 -0.0889425003925508
-0.771924814780979 -0.4780917931334048
-0.17813631965734755 0.8099619356499983
-1.1466549742922902 1.759499237720223
1.5583411844069541 -1.9827783619156052
0.35616082360099455 1.8978961318160215
-0.578005150700176 1.7639335253064878
-0.9792505520361803 -1.7213124231667933
-1.9273587738118292 -0.32334919228999226
-0.8775490209788135 0.16095922307926314
-0.03544912955499946 -0.6871933386702143
1.1735701200002704 0.19045424777888487
-0.03953272488550619 0.044988461895677734
1.0369326799857759 1.9323292070925868
-0.8801284461597025 -1.4460366681382606
-0.019073150734504107 0.647936707106433
1.6664421206266988 -0.2118517625189722
1.8856179213839575 0.4886361887307573
-0.20271666752650397 1.2358704334372015
0.2676972038141132 -0.10582082812776683
0.4791422735007078 -1.5406376148888299
-0.09434703771644104 1.7227883247420346
0.15923093417963674 -1.89501273438262
-1.9911377668883161 -0.34392949361876113
-0.18020314894041967 0.24005821585278309
-0.2704965277809932 1.4161337306884563
0.08839122088591322 -0.7029767844714798
0.3142616564234264 1.3759099434208082
-1.7311763049517137 0.02327159784227284
0.18948087871632247 1.9991877836122276
-1.8661716505661698 -0.4496994814333908
0.30668338208459733 -0.16428615681690273
1.568479813070741 -1.7957226181575288
-0.07618621862400499 1.4394266411642507
-0.12593777874857448 0.4827288056930379
-0.10354533893703355 1.5014824541850569
1.746796660904935 0.21356548834580913
0.5538671602271723 0.41855403921751755
-0.15679808661426042 1.9928230343841924
-1.4720202569773564 1.7003843820848057
-0.022074536538804423 1.218199516003085
-0.16542911196234433 -1.6268692735732175
1.8274931790920146 -1.524176358823531
1.7656833950733302 -1.9834801529998827
-1.3537465113856766 -0.25798689221476234
-1.0204158735816176 -0.4527553793309478
1.8028590544836711 -0.5486951626336318
-0.5804053269066118 -0.34106564502931036
0.17985547096666377 -1.993554326390948
1.7886536163017097 1.665001971740737
-0.693589593901978 1.757653776128639
-0.6436288988716012 -0.022986753313328112
1.7142285139486124 0.4143654075073555
-1.1989263492293656 -1.819877063720373
-0.2374968636278103 1.2290352071219108
0.29571251819627475 1.9521045262792942
-0.2622809763341296 1.993123138082892
1.7581586857643878 1.797494307640659
-1.8593794481571284 -1.7227599221269423
0.12418673390032575 0.6081997724151358
0.8481302800986166 1.8192086756184684
1.9601071171913973 1.0589988675968196
0.3405326524858334 0.12105525034834441
1.9650754995351805 0.6687347184882082
-1.4174480237506786 -1.2327404544131277
0.28677531217512 0.631273691464926
1.2482689672592011 -1.8519352152665154
1.6261679658656156 -0.6217435497031594
-0.7823971443530588 1.8116047827647095
0.17104400921449292 -1.2680802426246087
0.3218096435881783 0.5581535751076312
0.524809698963105 0.23303303150096566
-1.7424781294069098 -0.057788832520261124
1.1195861366618707 1.9895285574756727
0.19861606170352442 0.1720985151468737
-0.3463275401396779 -0.313328234971471
0.19699290502156375 -1.5181571627969888
-0.5562491713559425 1.921680556937945
1.089078861217121 0.2488606575607868
-1.4370842692883263 -1.3984893376391332
-1.3905560842253677 -1.8104819801727134
1.480879281330183 -0.0695994978753931
0.4877332794351288 1.9055379118046236
0.18881898633555716 -0.1009225538853058
1.2891539165242958 -0.31249153380050965
-0.3351696204639474 -1.3996036525877158
1.844089606142039 -1.9960589659971677
1.8417403524126312 0.2287941279205694
1.2100678066413164 1.7881220857867133
1.332009915782752 0.19164222463477598
-0.07554287530968029 -0.4341071707289932
0.9175293343252977 -1.9678316596700625
1.1808583041113505 0.0860360718471469
-1.093002055783597 0.11321010551754451
-0.22170370583034593 -1.796068213627203
-1.6735567187055462 -1.6441370393935535
-0.6707622811481655 0.06985726944694504
-0.3108932537789575 -0.8102464027433247
-1.9936014625701821 -1.312100847716418
-0.10370037382364083 1.5868929573119983
1.5530486695859613 0.00649936794292616
1.7705666781792808 -1.5361978416428266
1.3262557154081671 -0.3582330776785594
0.3389997999907397 0.6072790396644692
-1.318082373499637 -1.398654655522495
-0.06827286330591731 1.1401070911996758
-0.5932977810540514 -0.11042345701046452
-0.4318936959653241 -0.3024733279278533
-0.46618411492119316 0.23534928794059073
0.9372381531568519 1.851216574206286
1.3776226547620096 1.8607316005504058
-1.8500082886038904 -0.6033216886824153
-1.6453270832868165 1.27568473839333
0.1238710001802441 0.5740657843506267
-0.18387417577362708 -1.077635514479165
-0.1269001018699294 -0.9606738102784007
1.1020358186519483 -1.9057915471077114
0.6688934272131157 1.9795056258951558
-0.08896130078098219 1.9451489699050848
-0.3964843559499731 1.9435415156820928
0.03745881131025808 1.0154443593696616
0.2795120991098967 0.10134045685828497
1.3092142145867318 0.037276717045312324
0.49350758267185535 1.91065564751162
1.5629657859455186 1.6430613190773777
-1.022472926585762 -1.0519077120950664
-1.4860827660099765 -1.6620698863312144
-0.27201223308162614 0.8405342628703663
0.8038818249738222 -0.011528079835220861
1.683241104936779 -0.5097896240253097
-0.667354500816904 -1.3307237525805236
-0.23917604159069983 1.527710992380725
1.947874203317102 1.8340067480674667
0.007022701924563446 -1.8857695018575389
0.256857145620387 -1.863698106705633
1.408498977282476 -0.06368749878475954
-1.254686187462967 -0.2237329200513849
0.3454592389416815 -0.6535778590084682
0.2184520392213063 0.30515419888074513
0.17494784859246737 0.20040889393028083
-0.8239504851153798 -1.4018419743943125
-0.08151392408812352 0.41895461186264926
1.529051871238325 -0.16969131205812937
-0.10679704128987177 -1.4581626322780532
-0.24631686348648385 -1.3956894101140032
-1.9334920373821172 1.4431239288960889
-1.521273962389433 1.802788528562028
-1.9572423875835718 1.5456462809261269
1.8159400333493765 0.901597817081794
-1.2161582968150877 -1.0649205448249046
-1.8729027457891596 0.87224928667341
-1.6783738454233315 -0.23074998107494782
-1.0571580934523679 -1.2427883991985924
-0.35879551774725726 1.3288241674033885
1.5276041251282888 -0.29051392032085177
-0.6956684484625231 -1.1740695250174493
-1.0822502927640687 -1.7002159670079995
1.865375960825482 1.3735161761776573
0.45223663733116837 -1.5488669706300335
1.8711021686668636 1.951767124863515
1.9872600539186376 0.190410577899228
-0.9151038812136947 1.9863151736146336
1.3101914684171816 -1.815160019324214
-0.23991715978821482 0.8064960191300026
1.6152422424422972 0.3300714402722229
0.8585004185416065 1.8654837715343335
-1.97241522658054 -1.0881078699075108
-0.675335959164503 -0.6093417346282761
-1.2472632419083967 0.309070689390313
-1.729336917066019 1.4647581698470713
1.8849905353215632 -0.5025708103574602
1.8084114414280723 -1.1104992750172187
-0.21548348810283313 -1.480530471093267
-1.6855936313284894 0.538622851655369
0.33735376415328666 -0.5505775312941634
-0.31059295826093836 -1.5345844945596334
-1.2256300678989822 -1.8917536814435167
0.1772022958914259 0.47260929568520194
-1.8652600810156126 -0.16466417935363253
-0.2083835841805084 0.6646945881470092
0.4428568964005586 0.19424542199694583
-0.21584714282609863 -1.1051032938397363
0.21243073429083958 1.1983002335781343
-0.5529931732687925 -1.7994761338240584
-1.7673712365234158 1.7749291717785258
0.14660858987557646 -1.7645227499558183
0.7768140931598575 -1.8729999300901432
1.3764624585200806 -1.6884321241715203
0.2815658209264402 0.37085256557842383
-1.6472434107772593 -0.7276026008316925
1.186719408221689 -1.9987209186061698
0.7386213327635724 0.30940447980704366
-1.7530079631780078 -1.463492047117926
-0.3568490615839863 0.5250947504230168
-0.08654821462523721 0.2602257775860246
-0.6327900958893173 -1.97832398067349
-1.7971774341211253 0.04702306813993662
1.5976562813655817 -1.46138884467886
0.8535552331617389 0.15839758358007128
-0.35436977443159057 -1.5662018487797322
-0.809744640888991 -1.428991672488222
0.6557500752069676 -1.834886272967244
1.8821246618043252 -1.126108144632398
-0.16578941937459835 -0.2218662989979574
1.7941838115861035 -0.49290229248281703
1.32980528292391 -0.20983486185413502
-1.5396442306113078 0.4907225590976858
-0.891368697089062 -1.397315048112826
1.9159023512746618 -0.47703972942608486
-0.23897240299714806 -1.6034380647654851
-1.2100362420383646 -0.7513770110146316
-1.6781355217693696 1.3799346929685443
-1.4935164274304413 1.8876572074953306
1.1467175943418657 1.922941745745562
1.799255495847666 -0.716222954618301
-0.22020727227397963 -0.6728052893995686
-1.7528090286610856 -1.296001177790019
-0.17217904476915402 -1.0566473129447478
-1.8124877861458102 1.7840158377480066
0.802765556674399 1.9168915769516586
-0.7537447562774249 -1.3160728450986499
-1.468724100679161 -0.7589242168192567
0.5533367657765726 -0.008130408266890488
-0.9152787939423761 0.04958405920371067
0.44962584590960075 0.10108182164084534
1.7914502104218806 -1.1243732693041495
-1.4241854913676883 -0.8474713606635653
0.29673346955641033 1.0556272832681133
-1.4380942034050945 -1.908756470346205
1.7572507296817927 -0.4278890328719904
1.7943592508840913 -1.3503781722698882
1.910486577506365 0.1480336345024531
0.7325509299562576 0.19628824047734783
-1.5359620943137045 -0.2644401641761869
0.8101819119966649 0.23739538319351983
-1.8248891403811864 0.7546025979775082
-1.6017352426035805 1.534143867650061
1.0453536237132428 -1.9180029276006767
0.5544932872950725 1.8609295832763597
-0.6299414247223565 -1.8511883769522663
-0.26649568560273895 -1.4836618266193415
1.5804043073733838 0.23588951292779647
-0.18523368858089073 -0.6398730657322029
0.271448355167919 0.8690135582518788
-1.1971331549872097 -1.0874955795489845
-0.9897801355537026 -0.9906669899701921
-0.49907579259129475 -1.8946876633132934
-1.4868274392722034 -0.08153308819716543
-0.022262895377199055 -1.1986894687241945
-1.1826112381392622 -0.5698842475088428
-1.849277825845916 -0.4409634619293703
1.3040003131002176 0.2168060323001244
1.0110527430858216 -1.7665871237666875
1.0372008891710127 -0.06839175430123579
-1.2643056017936 1.7422608856710315
-1.3812970516693568 1.9826159810194341
-0.5604860993353977 -0.6258979316280149
0.5471292441912894 1.8797662603798133
0.30471774867700674 0.41626026542368955
-0.08592262308826903 0.9802390264482255
-1.8494424775784535 -0.20808553117256068
-1.0574653600383255 -0.6159509511735428
1.7612976736786567 -1.9989561128412987
1.5038906197086743 1.584384388704636
-0.14793142005973037 0.9765103261284742
0.11103825688448588 -1.8744921863884856
-0.38837479584964196 0.19656801854654704
-1.9786341519432784 -1.6573900620978383
1.3347790019740615 0.15927004285372348
-1.3563669414161832 -1.1877361026952253
-0.8527280479629002 -1.4686648517633079
-0.7080580901158835 -0.7710362682424265
1.6208532684254222 1.5533315371102874
-1.9591844862822168 -1.4210580457957436
0.14669339746853982 0.006754260257583855
0.3169148076435282 -1.6309213688844402
-0.41596206363360055 -0.14407717519232488
-1.9787821738288005 0.7778631559308566
0.020945525504663998 -0.09241486185806691
1.6195809640004177 1.4096743119499058
1.948830238644828 1.3617056377767116
1.92531196813809 -1.2802376337501742
-0.9710794762851278 -1.1925981066264693
0.16018864220435125 1.1587342266666631
0.2428292009010815 0.6298450188982798
1.8992112632865519 1.6405809242875042
-0.9897942777169373 -0.6723718082154959
-1.3602442951646045 -1.8884408770343781
-1.382618094115423 -0.8398464828446346
1.824634241987932 -1.343403545187945
-1.9562713180288225 -1.217499789000509
0.03842392701447572 -1.2116034818321086
1.5989557436044124 -0.49724482462200426
0.4190903736741949 1.4797494534448283
-1.9897752950775667 1.6495179035116365
-0.3588428084994746 -0.2771735021024968
0.029278919081777932 -0.2679495471846334
-0.6674556572079249 -1.2359568092412938
1.617109928716573 -0.6165900535733497
0.23295548412222855 1.9004970197836126
0.8432626667261602 -1.826830435581741
-0.2026732942480054 -0.12186791111818973
-0.4018049517083928 1.6024260340540413
-1.9431836455297153 0.8207152720058946
-1.057964829074336 -0.26852333129187134
0.2739716214506025 -1.9020276359814843
-1.443670275129635 -0.283729596294358
-0.8045860434148207 -1.3890818939534113
-1.7354202962990586 0.34044632988432477
1.7873818734222175 1.093661951322002
0.3137490656625528 -1.7628330209348055
1.9185166659824815 -1.3573582847728876
-1.2693983776904676 0.20675426395471508
1.6661766221252083 -1.8551728681247202
1.7531454659651722 -1.9339571785258034
1.5943770487319768 -1.7973769158641808
-1.2193638092918988 -1.043279499390756
1.0893472870045584 -1.8904360688880382
-1.1126612400015627 -1.9911349637695377
1.9539179790697125 -1.0143502197189003
1.3964205177088314 -1.708955032396819
-0.17232189813250987 -0.6215145447573116
-1.0846798314916999 -1.3820853019909394
0.001110623041814307 0.9685465188571705
1.194233376978688 -1.8578480551837244
-1.617224178368415 1.9103278193185962
-0.7842708783201395 -1.43013458593843
0.688464075591003 0.21523526294309203
-0.4103091023240806 -0.6923258541358019
-1.2359738172632118 1.9705646805648538
-0.09367535634293889 -1.0271234166693914
-1.0183820455676482 -0.47067944933610706
0.184621811979369 -0.6783218806881477
1.1533175593666432 -0.06277711434661493
-0.57890004945209 0.2853084134120394
-1.7197758003407544 0.018407416103954688
0.12446666543793095 -1.5658698318447586
-1.1866761422168133 -0.8332386386627686
-0.44844083625865716 1.8546919640608879
1.605255755258122 -1.618915350347927
0.008198505802959666 0.911611648359655
-0.29347433850644533 -0.7342547416861165
0.12691822449700663 -0.5223516544539382
0.2673368620856964 1.2809145059717655
-0.04398958865052549 -1.2262505145327305
-1.8021732754134336 1.423493955108205
1.944746001215055 1.2881671896425129
-1.8587362434245112 1.0008178289878784
0.7744510170998273 -0.2892283624964609
0.6623302355356513 -1.71722130008746
-1.767859346182878 0.13840105847358908
0.9688067938179401 -1.7560239999579799
-0.00823952727195687 -1.609765150041535
0.04508811139959068 -0.9452007947481564
1.6965985185372352 -1.4936479025330547
0.28497309847803676 -0.5730454912834699
0.44597788918353176 -1.570324204394204
-1.265624803889048 0.07617354541283428
0.6929039545045592 -0.3155429275757755
1.403372133973496 0.21872388864020964
0.8402349562341462 -0.24587820141005956
1.4848169604220334 1.9274303361065042
1.3793902705047256 1.9069658938844003
0.4189461012646607 -1.4308254863930396
-1.6945213556278413 0.23290936556608566
-1.2871414605611227 1.993015020162479
0.35779476791263853 1.865926552475298
1.2930227016780287 0.27401553099529785
1.3491550147699236 -0.09684328046085255
-1.7744219793942944 -1.0355044570301408
0.9179627475112486 1.9152361537320668
-1.727134032402017 -1.6887393085405917
1.8764905616169787 0.5828541251690011
-1.9312629599975688 1.6952544623893901
-0.9167610154660362 -0.5922938206114123
0.27973936807575894 0.5869250556063714
-1.2719934098802361 -1.788702682461742
-0.6336339835162628 0.058132643787620175
0.4802210602139123 0.004462727769243724
-1.5129134728844251 -1.2911267318652548
-0.20955447737769006 -0.3060890558004119
-1.1146247668390692 -1.4859239887900193
1.8232429517309345 -0.43182150513745654
-1.2354387756609153 -1.8842442167900946
-0.3534876586193696 -1.7259013188734489
0.08259989745831264 1.2951592038172044
-1.0178198205867797 1.8293592966179646
-1.0573811714528993 -0.4507379580833297
0.22046453321780568 0.8355152278017042
0.29927452416640854 -0.4409495423616381
-1.0973295291302718 1.7122501210330445
-0.17169661601057928 1.135278869775886
-0.23016649945370915 -0.3207142942548824
1.7741518568932033 -0.3378852480257213
-1.3920858155951388 -1.9824137872447332
1.866190644760369 -1.442261767908795
0.49430594104295356 -0.23745092115694
0.42191384852475533 -1.9499920825488841
1.6986739411442393 -1.8101367860587407
1.908729409276182 0.09837174952221295
1.3961040351949379 0.10960432038925028
-1.5021563430169897 1.52852307224666
-1.3850191208827178 0.036360413795243574
-1.2336923905740047 -0.08478914047409081
-0.6737907047806302 -0.9099122860560653
-0.3624265706019001 -0.11792842089604605
-1.1843303071627953 1.6931209521366521
1.6597398527970988 -0.7450952666801207
-0.3836558576036433 -1.7805562820966059
-1.0370022324368393 -1.2122281628142848
-0.3071364066540938 -0.4957087193371583
-0.3697361325762345 -1.8990983718546763
-1.4535329438143307 -0.28034352180012556
-0.7136203629439013 0.19610409620471358
-0.2647757832411477 -0.795019810807081
-0.3180159322827256 -1.3757269840289843
0.357165271768098 -0.030379322254531882
-1.2559513448267468 -1.0219330804316185
0.6150622585400791 1.8808218745156555
-1.9443002612379612 1.6880829415652179
1.0836307746384444 1.995958985972806
-1.7428406137224255 -1.4909652858678695
1.804999167966895 1.7159796505252451
1.658525000243456 -1.5071053279721514
-1.7429653898388975 1.6509167363954926
0.09696491662976836 0.6197263079275146
-1.961757677881963 -0.7686696039570324
0.4291678064550002 0.2656916153584534
-0.7585208072373337 -1.4959927200087408
-1.9845106937119419 -0.6456296328818483
-1.5452535993143437 -1.3428106347073943
0.22604425753706936 -1.6491162937446346
-0.0708834252786179 1.7235171744419202
1.9657347337526074 -0.3395251492666933
-0.642537358986381 -1.7288544239318484
1.9379534359619033 -0.03530267198125525
-1.4141475042229152 1.9651290980262854
0.20088277267663956 -0.27172342041444697
-1.8715187821930286 -0.7652664497238644
1.6634379789970652 1.4808125584962362
-0.16715963416887325 1.5062755214814691
-0.08591546500061975 0.2645603646887795
-0.6717939455815571 -0.2370408719073609
0.22157575429672516 -0.13357778065015857
-1.0457126124789555 1.731176209494325
1.8132594210283455 -0.6620969169530224
-0.6000770379536471 -1.1359544612325245
-1.5437650991622398 -1.3641107507993655
-0.8388640814166788 -0.6966619700579177
1.7286478765976887 -0.647140464207574
-1.2921109775644144 -0.03248686209878526
0.01719379801680665 0.9251900574055743
-0.3854342099924124 -0.06904831216999963
-1.455259134315765 -0.8460581208835811
-0.38555437270647896 -0.7472078810283298
-0.5547281237681299 0.11063754910408496
-1.834158731163737 -0.8810561817495888
-1.6819241378603942 -1.968278817079427
-1.8675813443950111 1.9240226371940956
-0.29818459026476907 0.5880111745154375
-1.6828863112403427 0.20027147851317695
-0.95398993786849 -1.7627364203254166
-1.3817161283947397 0.2101145374072031
1.1676857011104174 -0.24334745587839413
-1.2912277568161494 -0.9968718569167825
0.28951997017881403 -1.4370712702610562
0.18151736877721447 0.6919664621766697
0.2970106786487374 0.9482118796572978
-1.537782762994527 -1.8196096345960644
1.9532010030715101 -1.45611986434624
-0.5093928929964644 -1.9393272295373207
1.6239975108019293 1.4867407614814079
0.7387030187652281 1.8190686786339083
-0.6035348592317091 -1.1461215859641092
0.069716565381162 1.0255845432664974
0.008191960693544331 -0.9663920765605929
0.04553323532294273 -1.2735050998011563
1.58389374755654 -1.7225607610155862
1.6066323433909009 -0.1218548661689951
-0.5947941187248533 -0.7546451563241656
1.861932328418193 -1.9530172670359542
-1.8843490077191256 0.11955783419252475
-1.9028083716541242 1.2112658563381942
-0.4050479515375649 -1.235475575961324
0.576566156751098 -1.906849670060757
-0.942529447922396 -1.5117575301584592
-1.032024689698778 -0.755412491139039
1.78052465924634 0.014623096085777387
0.040589312504216934 -1.582930288895834
1.8741401356593221 0.9216677631867403
1.0017173881816044 -1.946014068622751
-0.7990165426978262 0.18509876694373872
-0.1786547841985513 -1.5391929136288987
-0.3478522257605703 -1.669720917889781
0.08564856685089506 1.0544451441835125
0.30173272285176855 -1.2016889519614367
-0.04874772016730411 -1.7789598230386177
0.2737690066088585 0.5210833065053313
-1.2922155771355062 -0.735141361690749
1.4087912349059821 -0.0323701761207591
1.7786442928610309 0.4847633488904295
-1.4380435803922564 -1.1015996491339255
0.2430990138629836 0.8450839229817051
1.584189079531365 -0.5408003264631995
1.5785025658642775 1.9063443681812107
0.32791348726051117 -1.5608005705842896
1.659919810511183 -0.112087579451563
-1.0936176682540641 -0.8206864870586967
1.5214040735619232 -0.05799578522042337
0.2195657780447613 1.5980359507549058
-1.950673064744627 1.444657449400626
1.5658906448734506 -0.2568660781778531
1.8451049437332703 1.3943857861746576
0.12525490031242148 -1.3869019300007772
-0.37336899240494104 -1.528775044071856
1.8360829717047786 -1.9014017751109948
-1.0877810508056465 -1.207228010371547
-0.7561495196876975 -1.4418371602427964
-1.8616929653598282 1.918842538161798
-1.2043549097503172 0.053809587414524795
0.29568966665699037 -1.5468388055643598
-1.7662655258934126 -0.0037433723304998168
1.855596501106234 -1.508633091408155
1.7640409459269075 -1.6315853215197573
-0.6766754070811727 -1.8450716829063465
-1.76074178822501 -1.6081539326242815
-1.7527514813109466 -0.512333254107268
1.073404698329559 -1.861341928316969
1.8188678592803584 -0.2428684707715787
1.5871466883708387 0.22072161905357213
-1.827551738686172 0.6069413430770862
0.10628664742829219 1.7174511034294824
-0.11070549589695622 1.2009710033068868
-0.7060746859562212 1.6371731216193068
1.899813239005471 0.07301034007781526
-1.883123207879684 -1.3228179841695047
-1.8282316406864854 -0.7893060536480467
1.667724574992206 -1.834657992420171
-1.80067112312889 -1.6460367383889434
-1.327611001543588 -0.6710101403902393
1.9565550088425026 -0.9903179979464127
-1.388792300695953 -1.91028532074602
-0.8031608702499504 -1.476966949831179
1.7695954751254166 1.1560667723145852
0.15081189951456775 0.5265623950037317
-1.2542050783274639 -1.539610110943065
0.9987447722106371 -1.8253991733360677
1.5166217847402619 1.6681952456068245
-0.6238920949942366 1.757673629195169
-0.31245285316796734 -0.3136709750153406
1.864879353283459 -1.1929385901624485
0.10220690246935638 0.47315607748887345
0.05269861856623237 -1.6787818495639861
1.2378236234925417 0.32829592030432675
-0.03163770131990651 1.5914413699735372
1.7146457538421758 1.6831763383585239
-0.4622188165529093 1.5847263461435093
-1.682284318305634 1.9145933704249347
-0.2900597819933104 1.6514250939670658
-1.255704560939777 -0.05129766465711061
0.4702795416969052 1.8085149214428866
-1.6903743523979502 0.16346570084613044
-0.10140230730654087 1.4568521151142333
-1.9515862583847796 -1.0370726704645459
0.11171585983466104 1.7129577394641644
1.93587174272059 0.09101817299792048
-0.1377806207775638 1.339466132259941
0.16593611035508893 0.2706587778457217
-0.8188893114934999 -0.5799745230177451
1.0113873648053864 -1.8769454841275373
-0.15099826917955372 0.332755254859292
-1.9659458963575056 1.5432416702824203
0.30411645846145197 0.3281677715046545
-1.0030927424344256 -0.8187754911571239
-0.3765515090256817 -1.9363014348130605
-0.8640093525478854 -1.1124054727605621
1.8467261390036303 -1.2790578470355807
0.34504496516765704 -0.5139430307207822
0.5104952094836355 -1.91439994453264
-1.0141626345943462 -1.9483010691579512
1.9822845108653153 0.8490504287411955
-1.677634267100844 -0.18476241293941742
-1.0127374226473869 -0.12010536783818138
0.4389144830743019 0.3160741216406322
-0.09230299910111306 1.018419643231308
1.8390671442369855 1.510109213277377
-1.605244818363368 1.6566206817983424
1.483623321200561 -1.9881813650832085
-1.5233896600072097 1.4820550417466958
1.862388227005309 -1.7752753055981412
0.0926770629719531 1.0038024799282743
-0.32740603850254857 -0.06915368553149959
1.8307631587836024 1.64429821723161
-1.9323971677264264 -0.32751056836784675
-1.9511804913583153 1.697301230668769
-1.1085024937837278 -0.014990666299398825
-1.0105648767018258 -0.9272670751492926
-1.9165051108424374 1.1645895380094906
-0.6467546585004493 -1.418789765696629
0.2767034301491793 0.3724536539908332
0.7726209462368372 -0.02730450443217025
-0.7391805944895733 -1.8307799755043956
0.5258438145175832 -0.14268264905770778
-1.809948136969176 1.0569370403069827
0.6541363362250454 -0.31617802478994017
-0.2536745074621223 -0.318909620004471
-1.1698034114669271 -0.6952309215355021
-1.351719552992122 -1.3357624605212512
1.8797655420670254 -0.28470691838230033
-1.6929897704605272 -1.8981971955875703
1.122681659648308 1.71363665923682
-0.8859344696756968 -1.2583105435577888
-1.0941852829169156 -1.886273045950313
0.3166876810335082 -0.6106334014990162
1.1724531673700236 1.776753936701979
0.4567876463114464 1.989394080060638
0.2215277149779995 1.2660506717154045
-1.949915018165405 1.7763273069586245
1.9717139173504474 0.4895328957731979
0.043807759060156215 0.8911454194562229
0.29875775019027895 -0.42838930106864614
-0.38230732798875566 1.939197204193488
0.5853193824327736 0.38841227332116235
0.7694424475621853 -0.2680579749443468
-1.8767848940888627 0.8846533227077042
0.6416265837659849 -0.3877921016449628
1.9167783630207502 -0.3230677086600444
0.15289631471892084 1.5562104239822019
0.3331499621525933 0.10251299355774135
-1.780742396894682 1.950954354317199
1.8911141031152723 0.46417593932227863
-1.2625279331337982 -0.683626708919209
0.4126695449218305 -1.3979259057397564
0.10025721896477924 1.0325766937644336
-0.43733746468071866 1.572884792488824
0.3794095832192643 1.996993965642679
-0.02579005806693324 1.4998649784981564
1.9133452616229238 -0.4554914006581532
1.8383004538264625 1.4030862562429256
-1.4259800485532153 0.3212908745462042
1.9491977784988443 -1.3226041718718595
-0.7039852276891354 -0.1267323284420443
1.6705625949982825 -1.8980869149430268
-0.8345763940635456 -0.6702898797346255
0.18007783795766086 -1.3336973138912165
1.025596469466349 1.7600154433394994
1.7110890308075435 -0.7037144724286093
0.6987994941016371 -0.028945879593482715
0.5086746300799057 -0.36846039786425466
-1.8833068476158639 1.3505004102847118
-1.7208113750686342 -1.0136838837686657
-1.811658927633431 -1.8709775671839157
0.15760954870616617 1.0639340554530663
0.46315260436827455 -0.3933853546566599
1.828641572188563 1.0047888797472804
-1.3060610760659799 -0.93958474403501
-1.4355516935118846 -1.909704065192913
-1.5421304945012175 0.4015923234030656
0.16673296384576108 0.9208892132196849
0.7808390203212743 -1.8996708359319419
-0.028644048818645462 1.748135027974266
1.4478412243625627 0.12200919391776432
0.028760756778225094 1.9845831911832925
0.5521534706344453 -1.6406197525204127
1.290705832868814 -0.08470118822443906
1.74781656154089 -0.9340493170928852
-0.08208693338538264 1.6731837641412102
-0.9273119406755543 -1.2963940853751885
1.6702194376545108 -0.2556852842828228
0.42377134990570076 -1.5567662080535234
0.8216051046323982 -1.733136142810776
-0.06898419183059223 1.0927820207403278
0.18420305255536462 1.7672792398736252
1.6285230390266308 1.8488513786205125
-1.226539583916666 0.08804710930335258
1.2748384828616444 0.27320560162898433
1.7046753201794345 -1.8399630107779261
-1.9520619345052408 -0.7699048870218785
0.5905493899909486 0.12209526490652722
1.934220399943503 -1.2808954912399306
-1.8145380151247692 0.020606591721028522
1.1476220561223989 1.75884460168059
-1.3521500689238435 -1.0310371152347666
0.044917414321774096 1.4334460212484657
1.7245705620843803 0.5558703317545626
0.22319457243537189 0.3949362243931831
1.6253749612924104 0.06772545026561261
-1.1931760978791708 -0.8537825719393113
-0.9688269392607243 -0.7398802166093765
0.855761829689309 -1.8055683185413511
0.794961955968835 -0.12382829326735667
0.029421122605241212 -0.5306335533822346
-0.9113283230558529 1.9884703820415095
0.5611920116223694 1.8178998701605282
0.6422081066213847 -1.8348234026974053
1.1903353143727102 0.09787391373969845
0.2119533030203513 0.8640179659145764
0.29139604696790755 -0.8563112630806149
0.32048344886243685 -0.09624676870408955
1.8640733327361265 0.0022832311678304684
1.0103668734284912 -1.760340872011939
-1.8500439900400152 1.8024386537802273
-0.6278872284049353 0.27732258427414624
-1.7592732218357527 -1.0554213396931003
-0.010619586071181075 0.2239911027813175
0.3864186244989276 -0.3624959088757058
-0.028674945196297763 0.05344038845674648
0.5932796205456814 0.2794072226123152
-0.04748176507903423 -0.002221728862183081
-1.0182004386526762 1.7741353182631774
1.7874519092347274 -0.4625088815570928
-1.19515486149345 -1.1204519934848336
0.3866548707131492 0.5735320378520594
-1.0653628254081111 -1.0048338817865385
1.2525118372976545 0.26704395240431467
1.2252206099448193 -1.8333128985062173
1.3668651082597734 -1.70142393668681
1.5861375693476751 -0.5580835332151728
-0.9487660012013577 -1.0736457796294525
1.8797413911887224 0.7934850044028563
-0.3299896581107391 -1.6073232664595594
-1.2825223932887932 0.15645363031242532
1.766166586287801 -0.5411584180203866
0.6229081778809062 1.9204577120932669
-0.1915109372819237 0.17980783196997097
1.9827953660098578 1.3894986429083418
1.6343704418118534 1.3446781600152349
-0.3402294008792732 0.553802114354494
-0.5712807088825977 -1.5288551838340099
-1.2677692453625045 -0.7155396644467809
-0.44648098170498374 -0.28781584197387167
-1.5900464402126775 -0.009946783014334493
-0.5890306760726265 -1.534532758042804
-1.5897819052820825 0.0015221809718304335
-1.86285932361699 -0.5605282063480233
0.2818698847093821 0.9234574896697092
-1.6309520327467855 -1.5596265894406725
1.987588788424587 -0.802643518653515
-1.957830985611206 0.14352275232121725
0.2817333842503045 1.3994857241599217
0.710606316599395 -1.9859882667134712
0.4225080404056114 -0.1832803366431377
0.009946832521711801 -1.3390345519588087
-1.4188858505876931 -0.1530904179433632
-0.8886026155786322 -1.1981950457309454
-1.8246413335556855 0.23557987381831857
-1.969658546818315 1.2882970092767412
1.868233445193384 1.188903096992
0.03170425958084344 0.6154250865942834
-0.7165989952010476 0.024868530545031575
-1.481190764698356 1.5325220582536865
-1.411723857439239 -0.13236195454518285
-1.5657190505398666 0.16075438466591763
-0.30503132089461005 0.5604536536592479
-1.7286935743866807 -0.4638757392598407
-0.8863146024386084 0.17925716202850417
-1.8606182484150318 -1.1201448241766117
-0.33550761363515047 1.2670624027516086
1.9326076450726184 1.9656646473849917
1.0879560733902527 -0.19747309693358162
0.9824005039023156 -1.7867123494670976
1.9618584700009731 0.37332195183203165
0.2884537787790875 1.1920560717748265
-1.242061721167008 1.7614196258848356
1.8820403559112702 -1.897837276011268
-0.907582678000141 0.27306567245825564
0.27363823913070284 0.9965806404772777
0.24768766995188152 -1.3964324269401107
0.44964495885849987 -1.5530942978281819
-1.0248620951898206 -1.327964062966843
-1.3278983267911926 -0.05869826905658826
-1.8265864759374781 0.5136934896181518
-1.6313320289758368 1.914419663562728
1.929393852684485 -1.0286388442361294
0.01113760419533838 0.7047313898177561
1.8638955314691725 1.101655271081115
-0.8382590880537868 -1.7559384048070412
-1.4218844761738225 -0.3720535464950365
1.4862709555524125 0.4834237974608895
1.2840887451172618 1.9626414773718128
0.0810341890560089 -1.1554353153387602
-0.09088816866728555 1.7166279344137823
1.136414291377414 1.923966750522336
-0.007068205534503935 -1.1847956226556535
0.7428433092048072 -0.07954483099179743
-0.08226786246287299 -1.5906962504450992
0.6541918052789724 0.17248665956034825
-1.3057358276477506 -0.13757203913209137
1.8003625533185996 0.18942044014241954
-1.1101430045508693 -0.6136688287077976
0.09716854496769134 1.2424170999208113
-1.1690018805723876 1.8866925565979633
-1.8953545105964822 -0.20509049468754137
0.7684122755716407 1.697041118120994
0.38015704283956353 -0.3818488930834869
0.19114772677971015 -0.8816134277201124
-0.8920383034951627 -0.03282369044576772
-0.19555417362616545 1.1858715379089388
-0.40503538847359044 1.7713240087745037
-0.5773680841905073 -1.8236137180091916
0.30723693092624016 0.1704020603439962
-1.070951240085828 -1.8403667243820285
-1.756111248627024 0.7617139545536671
-0.31428607357884575 1.603717149935798
1.5026653125416196 -0.19430817747002527
0.8448025788017923 1.9361782130081209
1.596332818256014 0.39492282676002777
-1.8282780479309753 0.02772990379462259
-1.7363141923312506 -0.6881710714232399
-1.304673063169921 -0.023996031139052576
-1.7880782846618404 -1.028872991564528
1.502423038214482 -0.21322785242960496
-0.2268185078579914 1.4759858840921019
1.9361735874652486 0.551880458538514
0.059286394888716565 -0.46954661900832306
-0.6783656219330707 -0.684822262210357
-0.12371447963095861 1.9238169866616368
1.9037730194417737 1.6204932436939585
1.7295281309325312 -0.6594614827681506
-0.28297123735355045 -1.8554953769357696
1.6959994265865417 -0.142535909966917
0.4576499904195046 -1.687527994925842
-1.7052590921334847 1.8719196462914387
1.2711607026719496 -1.8367397001645456
-0.808821592964228 -0.32442794834228694
-1.666229850776375 1.325818245443577
-1.342110313192629 -1.8324562855809794
-1.8446307433810358 0.14122124778306144
-1.6763977853474636 -0.48538294134734805
-0.8143850686985763 0.058081186815364116
0.11885351596396942 0.0304202236703901
-1.6122875265212944 1.731982975404882
0.8577119882148487 -1.8734668082030734
-1.3047383410507178 -0.9021982230187642
1.8021387406493692 1.38643364172886
1.7681086224757805 -1.1738357337384526
1.4592179912294894 -0.32065285493496853
-0.10298315660673785 -0.7321146588974865
-0.23659974362405167 1.3729789908068888
-0.9179309268387166 -0.6763540942705744
-0.12116631988956517 1.4158208345419365
-1.9437314040486453 -1.3353800468349286
-1.4509223648454483 -0.16702903968111382
0.28052840712030713 0.3956051504172713
-1.1741203363266774 -1.323494246368524
-0.9422076352026232 -0.2738895900010374
-1.7497295853513126 1.946177834753732
1.724860620763062 -0.552485876425687
-1.9454124605738836 -1.0744051070051714
-1.7686832060054272 -1.1112270064484728
-0.6076035690912378 -0.8063733761392831
-1.815475513507268 1.2911778540127634
-1.9488775823136217 1.0608298163441696
-1.927395929141181 1.6653180209267515
0.5010482845761799 -0.05140336698921599
1.5082298013531479 0.0232824083844978
-1.7230720838683729 0.6939249534838692
-1.960157265309582 0.6294699501800669
-0.9090160829305276 -0.44946064181757794
-0.33730121291950166 0.7203656376949552
-0.58752617624486 -0.14364714432297143
0.2574328607245393 -0.9712812826195285
0.15372376685124856 0.06239275469453576
-0.5721112149650804 0.3497176101958579
-1.724492885128178 -1.181567735715105
-1.5409606893971248 0.14830559445635094
0.034548638785696806 0.31955100715113316
-0.34902157787649957 -1.6018091802364172
-0.05487704897208401 -1.8404934867422065
0.7370812369505333 0.01368983551118541
1.5439177703266234 -0.1565124408636378
-0.016669353355761363 -0.9646043457049709
-1.8645046543283375 -1.3210676977954399
0.45637114046613103 -1.6360570556308773
-0.630105511427292 -1.4133720103044767
0.47874944633261585 0.039713169080188404
0.3936028566807819 -1.5156785095138923
0.16886441941391173 0.3859798842774489
-0.46565884884615993 -1.0137747387647127
-1.625741683214073 1.9783600621035964
-0.9551171769097175 -0.8503917822386824
1.0961083261248268 -1.864807559258577
1.1480255340432133 -1.980866382605715
-0.2855707662730813 0.5205054280537431
-0.16873784156275873 -0.4357119274587884
1.8441719523868834 1.28658078397882
-1.9527005544071807 1.7066480777465296
1.259597308064817 -0.13527842063636575
-1.4797143654078129 1.551059026750245
-1.383101144516624 -1.3166356690493473
-1.4458200475933025 1.7605572923791515
-0.559034184585292 -1.7520896805214266
0.1576782796266385 1.51834050681226
-0.23386931458572624 -0.7209135922245169
-0.5372616951601268 1.9554461037881654
1.6544903545034364 1.6471902675397003
-1.501640167368457 -0.09428734937930328
-1.9792786085308665 -1.9749471986559013
1.744123427958637 -0.4008451998409823
0.9307141965269361 -0.16047849490268806
0.15368437554343206 -1.7851569738077884
-0.47734247476959224 -0.6742271583301922
-0.47527661604113103 -1.0793091616177226
1.0930284575843312 -1.845635580594943
1.719995679125653 1.209039253023367
0.3240012274615336 0.5973009721669031
-0.9859824351975615 -0.5411455166656016
-1.630836545580891 0.07214019444375941
1.8364811647312376 1.595529942085288
1.757271894909755 -1.107488780428779
-1.186904601193807 -1.852761848873019
0.04346033972348007 0.4019129921119009
1.2906281451798645 1.9147522441085831
-1.804935448413827 0.7518940846730566
1.7955665656986497 1.6791165268689623
0.7494694419596488 1.973183589664453
1.4707107860612796 1.6989807534388932
1.9677739393253417 -0.4602050301651195
-0.8106955199883052 -0.04926948514129892
-0.007505011003474227 -1.2904397597258992
-1.302247319208102 0.29737129007675955
1.064058694456775 -0.056156730022862256
-0.6458235975473219 -0.15891205544660325
0.11130359439343929 1.5028508066950024
-1.6128427630582207 -1.9373447188195225
-1.8613066514852843 -1.3925542012824246
0.24655552346626486 -1.0091138457109485
-0.14299302908759648 1.4110610250309357
1.1194821325387254 1.7934349912170826
-1.437204349979595 -0.5043497197736904
1.8325406972931275 1.7693673865501225
0.06541434614838648 -1.1736090498966658
1.9667889687243965 -0.5196708178698133
-0.6432554318425505 1.9926642578653304
-0.3992595766375966 -1.829233931584295
1.8504180475711354 -0.2979489123981427
-0.9421251952806484 -0.9884916167562023
-0.5970309981846578 -1.2538368147533023
-0.9549822521771811 0.26763532443964433
-0.9278132569048836 1.9083240420699403
-0.10823470783516198 -0.09343058100169666
-0.4142649777137386 -1.1575653803531205
-0.2263096508574307 -0.46839176248431125
0.010443743113629278 1.2290790292599811
0.10247913392704389 -1.0607397016121753
-0.510969605151582 -0.6749409897484022
-0.8166940231282043 -1.2166520948795778
-0.44507875892752136 -0.2876749185341594
-0.13391732179645421 -0.09627093510920437
1.92415811033512 1.4787349111494348
-1.9828846566942038 1.0419846786271254
-0.44642574056236395 -0.9924802288849839
1.7081986018087822 -0.9029756400227567
-1.7204376496577658 -0.6900514747114728
-1.700670089600203 -0.0523475489672669
1.1773477645146508 1.7107349572184858
0.41757513764544196 1.7076964839290993
-0.7951166141608406 -0.7186550658297
-0.777264153782339 -0.9143645524269308
-0.16959570359776066 0.6324113564167724
-1.8697380959543897 -1.118262322313909
-1.9345277825485172 -1.138906439464416
-1.2297834114824804 0.2872097498632442
-1.1200368782855596 -0.6511108758153052
1.665479431749365 0.5938469976541771
1.8998212831354446 1.017185794512034
1.9142457448314771 0.940263251399311
-0.2881138975302324 -0.3404626033435765
0.21061688990398286 1.3063736311960557
-0.334245379443074 1.7957766367222394
-1.317166246933985 -1.1911465922659032
0.1288901263939688 1.504131878044181
0.39471426442642343 -1.742520867480399
1.04975138324638 -1.81785704466862
-1.0981507322136084 -1.0571352023893406
-1.8680936105412944 -0.4459474241187529
-0.6781963044341217 -0.8467151291717481
0.8201726175432795 -1.7374356510817135
-0.03272378599660808 -0.9269618543552851
-0.4139264594360519 -0.40802489258399444
0.5984292744292845 -1.8157898004109172
1.9101498984730552 0.2183216637669121
-1.1418601938587258 1.7845584885669954
1.6769350769439604 1.5454264982269201
-1.6577023007775908 -1.657280905137259
-0.014565582979001235 -1.7993226395358657
0.33862539268276404 -0.6737211286226148
-1.4715510649380943 -1.7505511098038706
0.01578466782780863 1.0045312432613018
-0.625534428665826 -1.677024956971226
-0.17528120278536408 -0.28392470553369176
1.0753594424939492 0.21463430261050087
-0.12385847747999446 -1.3279351918815117
1.778740257819159 1.651837639345239
-0.018754011209123345 -1.5999612394490446
0.8683563158046779 0.2499466724360926
-0.28219140616555327 -0.6499064839250441
-0.8404956513342512 -1.042842402724832
1.7225303151122273 -1.0080641833417205
0.22910340893911574 -1.7156664627186364
-1.8475907722752982 -1.6365676935117706
-1.7206690134944345 -1.7016201725133486
0.7292517763802229 0.015645836282562886
-1.7348805231584645 -1.772361508757324
1.8764859185515284 -1.8099400070438656
-0.9049270185286447 -1.4615032550350073
-0.8566320409047612 0.15247256082188088
-0.21616144584714325 0.6184744512911613
1.9668630106768634 0.4346128784868126
0.29124766297922244 0.4680386227650599
-0.21745142845218268 1.8310067646902222
-0.05197411135684504 -1.4272159653751104
0.48928650258016715 0.5182701034661532
-0.05189370291956408 -1.4378780510793963
1.1124779221369705 -0.134429062105613
0.44640569620142845 -0.01890054303941069
-0.6448935343995208 -0.36488795721211487
0.08965677090152369 -1.9518905405683125
-0.45738268588504916 1.9068505227439956
-1.4289753468785285 -0.2031880445685159
0.9999379828535586 1.8519570861990835
-1.95335801701818 -0.5132508488853813
-0.38721850495538224 0.3901246186791192
1.2751159486639905 1.860041648530407
-1.5349638911759258 -1.0903576457764128
0.3216032342136681 -0.12475226663467165
1.8962734109736514 0.4468216455080154
1.3552158635254896 1.9109413540347497
-0.9440936605906991 -0.08185826967629373
0.12479416203887705 -1.0733468489752473
0.16714633335811024 -1.2867943637687382
-1.7414325228688137 -0.8091534339994735
0.427153094876485 -0.16373972954583138
-1.7402985905155628 0.3119245070126202
1.4846374327387655 -1.9526256571375016
0.19717761090792374 0.003952141249068397
-1.784824077671293 -1.3465784247052817
-1.6471854784539488 -1.5006747018915614
-1.28049986032513 -0.3460297311081688
-0.17056874714048442 -0.3832730107300373
0.7133832585889852 -1.7202474386781241
1.6748001393217327 1.7662324864550287
-1.9037951445803891 1.2377764725523188
-1.9437873492892472 0.39213452024122253
1.808453628393751 1.5418962575597641
-1.7597567932829388 -1.406254639955006
-1.8181705709370313 0.41852330429397444
0.29433562582485173 -0.8876061031422933
0.47479293946737133 0.11952429098312933
0.44871612326735066 0.5330646048954999
-0.09545892254059218 1.8310041698181818
-0.05106186949998204 -1.8766789282866805
-0.5735181866904835 -1.768051899530131
-0.10668908007332023 -1.3167034033305542
-0.40141040827331187 0.07712534951255146
-1.6943556908394588 -0.8359363713390708
1.8125567049158438 -1.8638387390007156
1.4880044760128999 0.4282400097904371
1.2879281874852393 0.128035576813883
0.5170777449174513 0.29271405420466756
-0.09240487537309106 -1.3792655955520945
-0.8391084894896825 0.3105337662019192
-0.556156030412656 -0.8029226420253286
0.8112662914830149 -0.02852330761257349
-0.23781996223083368 0.3553878128015735
1.8502644355169329 1.5998668576966626
0.4400530849544424 -1.8087153489011714
0.3643668118696888 1.7303821250178175
0.5295542548871666 -0.25942862117399956
-1.6280104032973117 -0.5503944891472075
0.7131104753802373 -1.9668224228218505
-0.0173202562445538 0.6344215964610567
-0.06936669795699091 1.2099369045843948
1.6702870083353645 0.7082492593100347
-0.18409163802863437 1.657809656614237
1.7050947917042345 -1.8669484012190751
-1.723217285813186 0.31827351920562164
-1.8318530258586345 -1.594547756548458
1.6486581376957323 0.6070544782725902
-0.38834896443675415 -1.1219848871322364
1.8249069837499396 0.6299846233054671
-0.3603742825491629 -0.14625543327002521
1.4963549055241496 1.7731801729683139
0.009378550912571004 -0.8909872170889526
0.8946306669778292 -0.14842145464435363
-0.7403837470796901 -1.5137182136081293
-1.0389393300043106 -1.9092877943655102
1.3209536828739612 -1.7601550265552826
-0.48801837540575965 -0.5875591418177866
1.568393214439796 1.4858909348066023
-0.9712272909402251 -1.9038102888540993
0.6533811592513823 0.37490452317126133
-0.21699498837124498 1.9681020225602999
-1.4511252600871885 -0.7055623627352117
-0.39909222956236645 1.9758536135303642
-0.5369443475721956 -1.0717640637326764
-1.6899171173331498 -0.744954760632274
-1.0680762848312648 -0.901840595074225
-1.6600190583235634 1.4713145163157382
-0.20883502231798312 -1.2839507848723848
-1.1039987806078186 -0.4628147077757334
-1.4660368563138317 -0.6697742457184064
-0.3292669147051459 1.8519415843072835
0.34907435636773076 -1.6449713599016995
1.9484095282501532 -0.7984580536354322
-0.2399182487726761 -1.8561568341173462
1.8243756468921033 -0.9290230692000523
1.4469435365392318 -1.709990495218534
-1.0842998527232113 -0.6055504544275583
1.7678157016520992 1.5298644753047137
1.9607284308922774 -0.8329038547104215
-1.3847298639634595 -1.8844825091751014
-0.13377051289858688 0.23776221252178154
1.3848299901760073 -1.6234398067648206
-1.1748864027276262 1.9693216119040686
1.8222779424978932 -1.1163948781397943
-0.2524649505283594 -0.12649344199675827
-0.6072480305941488 0.23657148286967322
-0.16366680833388614 1.9756146305321045
1.4345711850778522 -1.6543916855505358
-1.874612441312605 -1.1802589041859162
0.8101199357167039 0.2232497319124218
0.11045584901924688 -0.5463823798149292
-1.7824011172558514 1.117322578266847
-1.8847341030823341 -1.5637935488723271
0.10812378354832264 1.2431551947567745
-0.04024782354845691 -1.2623924973804885
-1.6561865458743892 -0.684184411076584
0.5616269842402684 -1.7887376907488473
-0.9299160098299235 -0.6851715903031139
-0.428354538503521 0.13578663428506577
-1.8219445164198667 -0.7016116832391779
-0.3401459923013044 -1.7968366227130943
-0.10633850561281388 0.8352304403942803
-0.10610378339659299 -0.24651706476989554
-0.4460930584535059 -0.07327510308233176
-0.7650140022717422 -0.9611858755516605
0.3206150621506274 1.4206304212610492
0.6198696429196282 -0.044420295054631964
0.10507069887444453 -1.3178050770483223
-1.0071566025910865 -1.906057284519302
0.0010978804892474159 -0.7018607515473714
0.8303318394295292 -0.190365127204831
-1.6550040456119328 -1.966528748481554
-0.2795330623742953 -0.02245562360021136
-0.2666242712199671 -1.8609705021054408
-0.4543845842508176 -1.7584099942954792
-1.5121501880991857 -1.3035096006707536
1.1836214493893302 -1.7183866518666022
0.5700800604713008 1.7717206153525735
1.7628233657872912 -1.0496792785696116
0.12688744593686074 1.346241196497373
-0.7336373824809743 -1.2335409891230316
-1.5768484320303449 0.20057468238886678
-0.8399574705223074 -0.25715473180446713
0.32902226977266924 -1.6180266828277468
-1.7504295789059974 -0.035360163869808225
0.7405338027295447 -0.26463265397222546
-0.5195795650995301 -1.1258605467134655
0.2786918949087651 0.08291867336204195
-0.1899906082070868 -1.712195286020473
1.7545081379036294 -0.2762128236060253
0.0569992583234642 0.7907734537863376
-1.2289741926874238 0.3330693689982387
-0.754384263994436 0.2565769212332829
-0.8529658487404213 -0.6884977630301807
-0.8138885026979454 -1.2435260419710543
1.901869744830472 0.18733215251530755
1.7606315282872633 -1.06057420139447
-1.8630715914391685 -1.901894923017677
-0.7345247281938332 -0.218253031130776
0.07742615971231803 -0.16065573112340026
-0.36502676233280296 -0.3674236308425054
0.06158760443229161 -0.7245547580463909
1.6980940736240044 -1.9838399039016772
0.6995244092844932 0.05512864944873197
-0.947916185314889 0.11294823423766909
1.299178895389678 0.005643228149779578
-0.8026406222177207 -0.1841348686135813
-1.0124532271974274 -1.8226252557215479
1.9384943684515257 0.431840533937494
0.988506202318463 0.022227928830434784
-0.7243066200786261 -1.7902759296052482
1.2666123272183452 1.8576542276147827
-1.2093153357613908 -1.5049033031332586
-0.1515220105876134 -0.9036899996776295
-1.8011843492178312 0.14673718026005034
-1.411499798760262 -0.2471284095979942
0.5633709610048174 -1.9181282377962088
1.3983390442607249 -0.27137502774201394
-0.14886351955650712 -0.5114149475213465
-0.5866108816323856 -1.6471260367413958
-1.0587762784805044 -1.2464885061023256
-1.8933631150095018 -1.9859552947801258
0.002840305005423538 -1.5337718331067256
-0.5564210283137649 -0.37040931766240837
-0.12255438934733665 -0.10288237940616529
-0.1718650383971787 -1.4740251488109672
-1.1772579765022266 -1.3637334519051731
-1.8948320340335871 -0.09944788631678758
-1.4784991482241123 0.3851447969604296
1.9970771023925713 -1.5619042283403841
-0.5810790389693037 -0.500491667153022
-0.14324963759047415 1.8021951365524376
-0.15612334233524505 -0.6934182444993962
1.8350390415098867 0.9002580272016356
0.7510484344604595 -1.6672190138198517
1.7537169120368117 0.12064379519906865
-1.9631763251362382 -0.6475189753693233
0.2403849347088376 -0.5696033030600907
-0.2622521263376898 0.26038108700443585
0.6299698446385045 -1.9492584877769916
-0.74032675444876 -1.4380267730487777
0.13978374817807682 1.6631733973818688
-1.7973273398409382 -0.5960161001023145
-1.4912155917310086 -0.1476362200630028
-0.12674116274481095 -0.09663404169966716
-0.632958437898655 -0.7225684157638654
-0.0183498769237036 1.7291983549486427
0.0891378479032614 -0.39494326576531513
1.925062715826929 -0.3200513047498301
1.657203742692996 0.7466155637330312
1.5980447490643788 -0.3505234141830149
-1.1115535446712084 -0.18951966530340503
1.7872565727588423 -0.30708485094569093
-1.7985100892475376 0.06914069391829036
0.08419383038364936 1.701354547273437
-1.746507075449725 -0.19231035332366275
-0.5881688900756736 -1.8234937778006914
-0.9305495163111397 -0.9412050048094334
-1.9044813013324462 1.0756122801787216
-1.1484065862885915 -1.137800893165854
-0.5253673957687428 -1.4384839819322055
1.8274769250959517 0.3823828642617082
0.7166725045761493 -0.06984156466691305
-1.5722238423293864 -0.16347250322478013
1.2628508841818684 -1.978139569547945
-1.4655382510086148 -0.05837722617510144
0.24080500697407237 0.1506866272519063
-1.998384944339762 -0.010870906562624683
-1.7812420850471202 -1.9671926897707008
-0.030618544601806352 0.680685070532566
-1.0901568658288112 -0.2499285226338266
-0.8964565476303963 1.7100955884256672
-1.210489680337485 1.8391912988879366
-0.575113260228147 -1.7077544794275847
1.9186214901322272 -1.0038553300488515
1.7146855500605924 -0.5719504447296928
-1.8124514509301002 -0.7189560538199959
-0.2814646355179633 -0.09372485953699972
-0.20816070860363922 -0.07258857226174609
0.2607580133315981 -1.0419431656747942
-0.48201858531533937 0.2776864570026083
-0.3631156451126456 1.7824121839067493
1.6956721775766614 -1.6063845512908133
0.621034980610979 -1.8915632546231667
-0.12378619019124448 -1.7414973391072937
-0.20512107415344394 1.1733218392173925
0.27045953646147014 0.048932426288660125
-1.4478828175840315 1.8965175767576383
-0.21202564390388812 -1.283049293875258
1.324149037502714 0.29868530423869144
1.8638656961100888 0.13608537304091461
-1.8760089747290545 -1.9614924006802394
1.6690171071230213 0.6565106263508711
-0.03221685814404829 1.9890324037189733
0.5050791468115658 -0.052343049776755635
0.20942835418134864 0.4432325237858348
-0.05556430581179228 1.4929327996926074
-0.526296988735445 -0.10934727513620235
-1.5571439845543917 -1.7815053190884598
-0.2902764236278137 1.0427850609487903
1.6784424015006891 0.6295838363212849
-0.1855303562117765 1.2933564325907816
1.6843616303167552 1.2131512636794648
0.2351048551034971 -1.0786108298098416
1.191056838880158 -1.810436424398826
-1.2897247498563833 -0.09474431689100893
-0.5136053316443583 -1.2872242805639762
-1.7319680560545896 -0.6686066045094718
-1.9325101340423054 -1.4591356944900475
-0.42820662232445406 -1.8442978574879407
0.9460405833416856 -0.08602150031378519
0.21572577384152725 -0.5446874816366951
0.19253225522770467 -1.1217726460028716
1.836058749715491 1.7853166700266057
1.7601426520869654 1.2214425404533298
-1.9461014995609345 1.702324104722965
1.3678128923311101 1.9928794096262776
0.4692801465218479 -1.6791762752014918
-1.869451571547987 0.8389711989105293
-0.8146727090063832 -1.0541559974200174
1.9960794074591695 -0.6149380478216839
0.037427318729712944 -1.9825300727118775
-1.2677472346712908 -1.8495590803404078
-0.979561857025792 -1.5745518277232442
-0.45564793355366895 1.7008886130419896
-0.614586645685768 -1.9185645228495165
-1.090824505494815 -0.5950046034993792
-1.676566456922549 0.7706652759737933
-0.6863375766633442 1.7803980702343778
-1.5724929441506834 -1.8802185008687835
-1.3519872786131857 -1.8714606344512448
1.0580690656369334 -0.07056559685049102
1.6792990165249737 -0.5760920749138734
-0.14870689901053513 0.001158629110788123
-0.140728374828893 0.6032712253556252
-0.09924503108753768 0.40396001143781346
1.8300526410497606 -0.9890327407518105
-1.4629188799472645 -1.4352195736979336
-1.609085736061516 -1.6380458952350447
-0.8427946897599452 -0.9881875260861599
-0.29456097340320175 -0.8899105304666488
-1.8666971418668212 0.02684755865259758
0.4063960765287469 -1.8205583151108113
-1.3186979872908422 -1.7085068006368003
1.793620146557389 1.7118994473053308
1.4878517380782115 -0.19174489380205229
-0.496410985506047 -0.004462794217319654
-1.7078064979656857 -1.6046659727993773
-0.00889039815249637 0.9193815458721692
-1.452510563616534 1.664406231725227
0.3798210064507077 1.9386729634777597
0.05951151702006996 0.5672320393650132
0.563338994567419 -1.9824004270485167
-0.08152962837457878 0.5205695927452125
-1.4959390264637826 -1.2739382642439847
0.5344487948746361 -0.22377355358671824
-0.746625496504985 -1.8812619312494872
-1.9842151496851947 1.6182865872412613
-1.401398588329024 -1.003441905177886
0.5822077678612785 -0.30679849692658623
-0.9371199982673901 1.7881309549293216
-1.8937856649637719 -0.04150523538545636
1.0579172791336462 -0.04402751129921256
0.19127625952866145 -1.8070524365772695
0.12299395453182305 -0.7016969941484636
0.22328995695031129 1.4232869044446974
-1.8695383543700723 -1.1522571446201555
0.2856056566887686 1.4493397622739645
1.5942554698293399 -0.19555011275070644
-1.0491292981115126 -1.3989528404126732
-0.2758331185515219 -0.2618133526047952
-1.982064955665206 1.3829988268415763
-1.7579801373101032 -0.8446680432369451
0.4013845236855098 0.4202658153052701
0.7135318510477471 -0.027814029751604075
-0.14039791105212762 -1.6374899771868288
1.9922752917048916 1.0867634542374147
-1.7798976394443713 -0.5456056385881825
-0.34079895896209456 -1.997611166115783
0.6991862043564279 1.9251631710619752
-1.8336813548192787 -1.8113792031527982
1.8272994736401533 0.6316590261566342
1.585279114249499 1.7400693848938422
-0.9953964845558945 0.23886823131519241
-1.5285380080215316 0.4240016269651119
1.5550811738877344 1.8964001732883875
-0.15584698153869736 -1.4195347067031157
-1.3486084845175137 -0.8893922490135413
1.2716028823638865 -0.040112525506332375
1.5203144768550843 0.14090373727652716
0.7120314592977111 -0.029383601023819317
-1.7670381195358735 -1.8286003675622382
-1.7451457421679777 1.645584123581751
-0.5565728157118497 -1.2671212647921428
0.1784282759509197 0.9614100375161359
-1.8486575801835334 -0.42589640970566434
0.05111499475775849 -1.9702913378489013
0.2112991753448772 -1.603029925787241
1.9200577242951664 -0.9104339737783209
-1.980976353071222 0.41521456526083256
1.795513246540187 1.2846281925967675
1.245386247250031 0.06975897107708828
-0.43085881942489035 -1.5918363904816135
1.1966099432692023 -1.7023127148399562
-0.47781444846375676 -1.103608914665545
-1.9483152700670203 -1.7706560965308862
0.19605996158891115 1.7721346003036609
-1.4056438664787665 -1.4965254813880389
-1.8426167356940333 -0.9824575518922884
1.7138548761173125 -0.9460210146979788
-1.5162951728419358 -1.8592219060244792
0.255380368973976 1.540417474940305
-1.7515143856461113 -0.4349313294946602
0.22433478486976544 0.29645569093462987
-0.42058185331015174 -1.9417195734252477
-0.6076521599950371 -0.867045232222619
-0.5054762750232964 0.3218643206590892
0.08616009395224777 0.6787437540117143
0.22654018845668444 1.254253482938629
1.929820807232327 1.3586611100979056
-0.2348953474134654 0.7438670598290997
0.4588600005750081 -1.7515272020260069
1.5199959083931174 -0.1284334180054092
-0.9201539397463843 -0.9797492723250372
-0.793039112253942 -0.6088704350698793
1.9705067913099072 -1.734966258944442
1.722039115300721 -1.4458184896566237
-1.73146758018403 -0.7169389293420756
-1.2429378304291028 -0.8157247450537088
0.4582659261323436 -0.3763798748143774
0.3238233345726731 1.996251453881738
1.3601436355203824 0.2934918501764545
0.6580126766004057 -1.8401097990723376
-1.372286324868257 -0.21426339582705412
-0.12541634635320387 -1.4837719250729777
0.05717021626848773 -1.9605866623381796
-0.3512454439376733 0.6751672491483252
-0.2856938108869014 -0.9096715903867585
-0.684625701627736 -1.0704714530376531
-1.3141543122012553 -1.16879221747242
-0.14965573496714057 -0.8464622317851189
0.5445070945570247 0.37742503015912865
-1.0116021619872737 1.908710389958029
-0.6981508031458659 1.7463530241467247
-0.01981006220682424 -1.8151678477260487
-0.9209086553651029 -1.7999584684129362
-0.49844223008711896 0.11189251639331044
1.9584873990336091 1.847624535290056
-1.0149194407060858 -1.2036290918556807
-0.3554296346767849 1.6785197635749656
-1.9856759880546933 -0.5049458409400294
0.6432714854512769 1.651548910075499
-1.1600086463040125 1.7659658894367372
1.9318851007167002 0.49897008870099935
0.2383649228384277 1.811724919997086
1.724922931552392 -0.059544226086189145
0.37488951761835043 0.45938476225390223
-0.7121914249452499 -1.9063677881974224
-0.3918899826670561 -1.005650070768438
0.09373098050870166 1.925264918195106
0.1205218282548004 1.3333581655533564
0.133971309126927 0.6154164703074834
0.5700677290571607 -1.7989293175540801
1.4962751077747085 -0.06455958880999901
1.3231991883350327 1.8686222196750903
1.6047496738553684 1.7186027001132183
-0.4695290384993287 0.1828485253564729
0.4103223422426123 -0.2005678181413435
-1.8079848995841465 -0.1781398172939097
-0.5668936842778933 0.18656156287078662
1.930737011500565 -0.526293016108613
-0.0464762678512316 0.9868177231422681
-0.5419681967367111 0.22685366097298898
-0.5440219213589037 -1.2050294732201468
1.9473450645509005 0.014608675937366034
1.967777865343487 -1.0674253917877667
0.38751359667274654 -0.586398157903711
1.9602306109930128 -0.7383736828887653
1.2192460629347939 8.380479867398094E-4
0.07403313298363567 1.8337455613739269
-1.4653765011716748 0.18797779322454522
-0.48898704614006894 -1.061410637437774
1.8282423258224059 0.3309945728030055
-0.6663830325796103 -0.9931503530548857
1.8712281382668339 -0.5436666221210995
-1.6908571612875551 1.7025746828140544
-1.157004610019703 -0.11450533551633812
-1.6857624323377096 0.3916857014784192
1.1735498047749684 1.996057296261219
0.21162646346294123 1.7591858080456935
-1.715898017431234 1.101387145209368
-0.6037130096520924 -0.46528188654860303
1.3959733051711223 0.3399725579709041
-0.7398448289093271 0.3430085478708431
0.8491561654056801 1.9172247022892255
-0.42834234670325344 -1.6055462775405944
-0.6126438715766147 0.02445552081498681
-1.587586249966082 -0.139659874058649
1.6222985958196148 -0.642336298900211
-1.4897321108838653 -0.16444743383131177
0.02497830455895711 1.498772657513562
-0.8474568169524392 -1.7764330019816281
-1.3026589809730886 -0.13725256011294062
-1.013360319301122 1.9076925170608194
-1.9520571976649252 0.813935094472324
1.2628731248626557 -1.8599174176655175
-0.7987957244037589 -1.933160983223416
1.675667648851157 1.6036266402040074
-0.22286987861779073 -1.0837190189902013
-0.6543447459997456 1.9700355014457585
-0.5062142974431221 1.6368476496875588
-0.03251307487908095 -0.1519514373105708
1.385109663255561 -0.33390876713497564
0.08733534797769726 -1.4004977874090314
-0.17981530772737786 0.028950607719701704
0.2876965525062296 0.3412260980408126
-1.9158909440170016 -1.1132384903896404
0.6477297915035423 -0.18725854720559987
1.0671497091360882 -0.1534044196792852
1.9389164628525548 1.6730746384259496
-0.8823442232240057 -1.1560986594809695
0.14492584453021307 1.3834727967823737
1.9068455179014623 0.1486685763691602
1.986866756060123 -0.37527928845925507
1.7808407724816369 -1.8101593542173098
0.11040684341697293 1.5601067469294256
1.7121726314191852 0.9032562343832322
-0.20138189850357868 0.47211797121560783
1.7530994423798285 -0.636783521448105
-0.2947420730711783 -0.45339110860931564
-1.653107326481297 -1.5378019440885096
-1.9001511064366263 -1.975285033092665
-1.0307508981562088 -0.8244598922175626
1.8338455645008267 1.3260458368660135
-0.29210791598113417 0.30432667213915776
-1.4346866754561147 -1.4306325981742671
-0.8969138202936411 -1.794449278288544
-0.06284478629901757 -1.9029646770941322
0.16455563111400284 1.3034215929239306
-1.5780712317606183 0.45057141132609324
0.3758989863150055 -1.9701714222937765
-1.9481512964263978 1.0982613775126127
-0.19623405000466398 1.1330671877288112
1.8355432728431196 1.0604258006585607
-1.538042002409434 -1.3011352546862924
0.1724958417966631 1.9936855395282111
-1.4500677416443222 1.845987057713903
-0.9772053870006743 0.29063221248806137
-1.8814276881741656 -1.1224047042451484
-1.3140359215030237 -1.0366834818995039
1.3965357239709513 -1.587030065844797
-1.1700573073398504 -0.7024415761475975
1.7641088396657056 1.7635561817508414
1.2602467744003105 -0.08245703968727813
-0.0475957549448629 0.023878451601291317
-0.34781574084676903 1.5955654967964077
0.2957017596632512 0.5630864672996876
-1.8780776586893375 0.28668389053771426
-0.11323057008644444 -1.7348593753138055
0.13291974594060285 -0.13025661037022607
-1.8076241528346637 1.1481258803829362
-0.5199714203778347 -1.246670265483472
-0.034548180583271026 1.2380900676401354
-0.6584916645629457 -1.2738747171179718
0.9584684629004698 -1.8420737087391408
-1.0761462330518268 -0.5661809222199441
-1.0468886322961746 -0.13237293016786422
-1.819098858107655 1.7326869761015278
1.677760434684389 -1.434150635818423
0.862803100033875 1.9640472355192875
0.2890054873982364 0.2838593238203928
-1.316514761583838 0.031685953700820946
1.2489217230348673 0.16734804805580072
-0.43210825311029355 1.8860600696272822
1.7312045663163316 -1.0988025120299647
-1.994000876504726 1.382496674965262
-0.5493366866151086 -1.2102913964143314
-1.9928719635159369 -0.4149885715481929
1.6751068530113948 0.4884975859334202
-1.0586666967840181 -1.5205542825214757
0.23168558629953306 0.9141871045716403
-0.9957111685376372 -0.5022497063352938
1.8158439185708963 0.15929562896681304
-1.5691279354193046 0.36940987308702766
-0.8949741388835624 -0.14444451207626896
0.6123599654829444 1.7321150468476274
1.0187789267624905 1.8256452464516073
-0.04925901926272047 -0.8744711335509745
-0.25025769671661946 -1.4697204706202007
0.2560921962716134 -1.7786525468908732
-0.11350086702512385 -0.07838633301861941
0.11334939920740483 -1.9188233132574188
1.1945273402273138 0.10546135910708143
-1.964158769761351 -0.06880944387557841
0.8589465700638921 -0.24878808452591583
0.37855525409175605 -1.5214669309748734
0.4891073439081888 1.8353924378134785
-1.0475344848455714 -0.9803743710788497
-0.8381391147164972 -1.043544578494056
-0.18197166491735084 -1.7217538090153406
-1.6933078595260036 -0.8415110358775282
-0.06550504454111028 -0.5882502644210161
-0.838419764414454 -0.6565373360586735
-0.2777822377527346 0.0628675271789052
0.25949905635147985 -1.2996284278743642
1.8283614573708 -0.09137589526726808
0.2686466833468968 -0.31413338224086695
-0.30218571117997817 -0.776821269511633
1.3098673971461525 -0.1351117714491843
-1.84920869907207 -1.2525417487990786
-0.5104657355920215 -0.12602267569232684
-1.6827872663917152 1.5891741585447154
-0.020220494087061613 -0.5241280766388594
0.41242661907564804 1.465363588664336
0.6384581681893682 -0.31569099464690087
-0.20477681335739106 1.618553123677117
-1.427516014462019 -0.9647972002696048
0.4054151313045855 0.14623412373897837
1.0579093134575746 1.896632933259315
-1.7344175477767672 -1.1949539557979167
-1.9178235536413872 0.8733121936616453
-0.19948232007357358 -1.2535651690010226
0.2565974528841659 -0.44622333431195527
0.7411371376793192 0.0767356251129887
-0.4076920580704009 0.008390343053848781
-1.2157575120923774 -0.8585973288203439
1.1349944521169633 0.20652169820224353
0.48858472728633195 -1.702740228445569
0.17394149012202975 -0.8410433206583825
0.5082465851595019 -1.8089877991091883
-0.7289140468057398 -1.9812196298094094
-0.35181888041096654 1.7701967044429834
0.46977793338281293 -1.6229068077288447
1.8627256104486967 1.8027809311875154
1.4670674669008452 1.74141908327974
-0.4459129728529634 1.5845019137172511
1.0449761601104126 -0.11647563593762511
-0.4908814811485134 -1.6274508773517575
-0.2622625572568711 1.0426546482830217
-0.2972659831203086 1.5804354363220696
0.3208602768224216 -1.405008576980316
-1.5838962846638172 0.06685800702583489
-0.051798823018118334 -1.7276027002352814
-1.0525257117336988 1.7599466808207644
-0.6855134444853737 -1.0810175859453612
1.7545928240691757 -1.534030367513329
0.5944581055792288 0.13614453242941815
-1.1428001195393858 1.9356152518976768
-1.7399735952775868 -1.9832330997036367
-0.7546164474158528 -0.49334247176849555
0.8849364664459327 1.8414552279837841
-0.27491510911792405 -0.6671942545417093
1.0417990406791082 -1.703959576367358
-1.6188137958821645 1.517988991716528
-0.921078862948685 1.932204785469973
1.9355712616725764 1.8804058013155731
-0.9462374805663019 -0.47777934344066963
-1.0070596670196288 -1.3690069174871007
1.7815083997422665 -1.7598361468264652
0.37636803696015075 0.08196632438408047
1.7706896128240155 1.2442938517356685
0.4547763705206096 -0.4586144397861087
-0.6530667418286842 -0.5646305543291112
-0.22358444251432497 1.1224679637210384
-1.7657214341325633 0.7607740181259355
-1.4481696444532992 -0.7926217060231968
-1.3110576454964566 -1.7391185345553257
-1.861876002431111 -1.520440171400788
-0.04733215841011651 1.273222639116359
-0.43079624984997045 1.4709460670067767
-1.782894708037487 1.2260125742143502
0.3567442206273781 0.17384523210666547
-0.2791966044051173 -1.8818877593108865
1.307901825060593 -1.999090041605216
-1.1817003974163773 -0.6060979675842719
-1.1873922403522648 0.16991521446042412
0.16386819666712293 0.38267323632251893
-1.4287368936241251 -1.237509393861301
-1.0172944962437058 -0.2432394339810724
-1.7311807183855703 -0.102641856785473
-0.07338099731961334 -0.2076410965114639
-1.0977139258969695 0.2333075030659888
0.43946592925168826 -0.508375244383652
-1.270339696514573 -1.9344064010404365
-1.6303382810146791 -0.19952004551876357
0.4100391966860579 -0.3104239310435095
1.6579525375241526 1.835190444238814
-0.5871638924064562 -1.5187510036113605
-1.3455079217285761 -1.1676572027805405
-1.5630565911718337 1.9144403512742847
-0.12874911244829734 1.3551778279326547
-0.09838277115685212 -1.6187258015334156
1.8437050189192252 -1.6071471013894087
-0.7349885342641591 -1.8661615798806022
1.1933100189673458 -1.8927590768182934
1.6581984640624907 0.5603478252727272
-1.5245875644069673 1.4736205182125968
-1.0150630759743842 0.23182935875558996
-1.7003462678884511 1.3261884715703744
-1.8599301459868944 -1.0314110008355368
0.7015484432880572 -0.05201411748751816
0.3993309251921513 -1.5004884595245085
0.6569345401034172 0.3080250515959304
1.748647633545544 -0.2786037528148704
-0.8990086134324553 -0.5197928364569941
0.21944432780686807 -1.8496519633330588
0.2059392524414485 -0.6614426646360108
-1.5499696955932452 -1.8322227001824207
-1.7083124568580232 0.7150473115035223
1.2609142106376563 -0.016420066072289963
-1.214924524271162 -0.2803417133057655
0.22959569565383076 0.4779670401476257
-1.4604951972202551 -0.9469434587180334
1.7388540470320044 0.5085162261650402
1.7015231137940128 1.839365777798891
-0.17734543396368085 1.179652660685719
-0.9605773061929339 -0.6365000041726598
0.170736097867056 0.8177838533996877
0.4152148226273247 -0.4789156347886756
-0.2253450059306994 0.5422073854695486
-1.8162978627551225 1.4686229629587326
1.5934509981300677 1.7726713232841171
1.4651239209748725 0.1874253250712501
1.7198119544305555 -0.3499873958376165
1.7859217628620652 0.877756889862344
1.256994563565375 -1.9827006161596392
1.8383241980834186 1.7987945986367602
1.9150384136386482 -0.5175036856051269
0.297821419242398 -0.7268352316529505
0.10569504036905641 1.1518876721505085
-1.608272841213413 0.38555481134435876
0.24815180842501006 0.9688717585913511
0.03484151358856291 -1.7539417218370903
1.7377108407700383 -1.3330397167707742
-0.04369742748223482 1.333197889661729
-1.964354421833086 -0.6376727471223806
-0.5438106006965162 -0.602330904782924
1.7991131121791226 -0.1321164586884902
1.1632842797572773 0.2693350907695642
-1.1743033525053144 -1.3778475773384216
-1.3467541703720323 -0.6332773924257018
0.15486780861223037 -0.0057108379989117
0.280327686442142 0.1932316861659613
-0.31394515539657286 -0.2519053353415086
0.35618516863255545 0.5577712912450341
0.01319595187115663 1.0160545514514374
1.648044996872723 -1.6303777874068954
-1.3544993075855047 -0.9602589077521362
-0.28942408930605046 -1.0954657965063372
-1.6815903067414109 -1.6962551909247816
-0.048925885211657416 -1.0260740178267636
-1.4872572913952196 1.7177975656944913
-1.1842241160555722 -0.041581133461400466
-1.9299600252947764 1.0641464277547104
0.03524054561033729 -0.18032031695597173
-1.394636336948278 -0.5158050717194596
-1.6836583738790232 1.4048692604276316
-0.5289811067553316 -0.722882290148954
0.7721207617505761 -1.7245900726575547
0.5730189801790688 -1.6162186056407482
-0.10300963490387849 -1.0547099034573466
0.1419200865031005 1.1820346193384066
0.4254098390917065 -0.36799413557801497
1.5675787867208943 -1.7727488228409776
-0.1258613275410112 -0.8180773894813789
0.9678719605649571 -0.12679350710949366
1.8868681562968188 -1.130373978614239
-0.6049193791136402 -1.9605469498213997
0.6839072506149293 0.1820085474862787
0.7619549145616658 0.2618145240355636
-1.728572156121861 -1.3071851764122
-1.8580195361761804 0.8986728963303698
0.1969808988160322 -0.5244437301059444
-0.6660661177266647 0.36911039069999063
-1.3516551156057837 -1.933810492057129
1.7154237669799288 0.6234531240824679
-0.9390011548013173 1.989912821110683
1.6069209334206986 1.4700820656197542
0.9236173060640942 0.27353314034092824
-0.44809561294735056 -0.6628180585462506
-1.1158152679439355 -0.866089463523326
-0.8834701691821589 -0.6504749026622978
1.3198947108042787 -1.744899538208585
-0.7399471845406014 -0.20499633121906502
-0.1197837877603436 0.10538249249145304
-0.35902513139273484 1.6715400342831002
0.6845012970812423 0.34399400568206273
1.5993648325432375 1.8417164719130628
1.755258481723708 0.8341245128614108
-0.019429929621945785 0.5822147629575536
-1.7963361585784017 0.2895900287672659
-1.7866852074415474 0.3701808758085501
-0.23446738865737649 -1.3645229791313067
-0.3668103737563211 1.5737422242308292
1.8465828074235695 0.9195761541258984
-0.5147223087371184 -0.08459808636316923
-0.5807438789280983 1.6188108289365566
-0.8300455566963199 1.9074785984279155
-1.714639124462444 1.8228411362058092
1.884131088290483 -0.27484364326519595
1.918842006964589 0.3256116165675347
-1.8589879689712445 -1.6987114052422272
0.9273772015955029 -1.767085854591917
0.3142670770497431 -1.991971449790678
-1.2343439087189396 -0.6651146513505823
-1.3850559454495683 -1.2783214353515184
1.127318258300558 0.18510584871157088
-0.5049556441058147 -1.7428164152155223
-0.16960405820018254 -1.2604537741697905
0.7599726121841641 -0.3192837874598662
-1.1945284753143448 -0.573706955752745
1.7427290107868716 -0.6179844128151473
-1.856572963912166 1.7463468711450831
-0.4815743271747386 0.27461883986568836
-0.5472296427004664 -1.3639093811878373
0.8489280677782558 -1.774627082556453
1.9938116146117544 0.06964630620744972
-0.6318744793665876 -1.094409565013764
1.5082496607580387 0.15082076041342374
-0.9048013169534119 -0.23602673464229929
-1.9267557052508582 -0.06897431255155739
1.2582884863165833 1.7015699280453096
-0.29271038023111196 1.286364742720452
1.1540198484942001 0.11192588921147406
1.6113944367097024 1.426728041778806
0.676070344769292 1.748982946470207
0.586495776637872 -0.2822776606436017
-0.599189528648342 0.15441151556959465
1.5284020846104114 1.8475713249204473
-0.39281303436482284 1.9140019815275022
0.2239281699665896 -1.8326662222444177
-0.26948562949000054 -0.7955512231772528
1.7285281304983036 1.4381229399433169
-1.4188472267437868 -0.7533167217050152
-1.6348800416369493 -0.2296211545890996
-1.7540600284500405 1.5511955285760655
-1.1640392639255746 1.7679882299562797
1.8809374295234842 1.729940725816518
-1.282194351680051 0.24402587445690127
0.8389579702994396 -1.9515491373277585
-0.02409071011775099 0.2636886159811662
-0.19538914392716888 0.8153782511575574
-0.11387217567086161 1.2836239693037261
0.7091727563381176 0.23861527482045863
0.21369573858998514 -0.010242828954887706
-0.41329646034994694 0.3440073016591909
0.27659829282580173 1.0605447885560597
-0.12905876292185514 -1.0396364538116183
1.7083203045595874 1.979601466983044
1.928576117783999 1.0650444758392559
-1.449652101864058 -0.8941594383115836
-1.5799115501084628 -0.16553557314011735
1.6904466818809873 1.3054172363585734
1.6966314047173512 -1.360301208237571
0.7647514471145249 -1.965619753940878
-0.3139040244267588 -0.3297687213080436
-1.2034518916455417 1.9396779657108212
-0.4743088182403672 -1.2597737824947495
0.29966361665713626 0.4516978195900405
0.4612008658093121 -0.3160776325367993
-1.6289019805367784 -0.2727005550574275
-1.1554588864771276 -0.16206384066379842
-0.9772613545227138 -1.2477506465243668
0.04409673125908631 1.3389286765860184
-1.328107474195963 0.13796085580524498
-1.5176631314613802 0.46162058393587424
-1.9284261142554278 1.5213406572719252
0.6714822989178582 -1.8916219326308292
-1.841294851238271 -1.2424949480528058
-1.1897860594027194 0.07721999231430221
0.622309266385042 -1.962843190299476
-0.6944121422693539 -0.21277730612937473
-1.4213352416620522 1.6666428555951378
-0.026023476356450637 0.00208551576633198
1.851033449343018 -0.31736741390708545
-0.19506629833920996 -0.16756983568837258
-1.717236081546507 -1.6479059164413523
0.6042623889942011 1.8787768616990612
1.903047279607597 0.021616263138957592
-0.9089078206076464 -0.595433844467554
-1.9757544518920596 -1.6167991893708962
-0.5459315139945788 -0.29334522620297454
-1.9093176521931792 -1.86827315959084
-1.111748141577825 1.8756624016373937
0.23070812168355515 -1.7980354354888228
1.6425650143376296 -1.7782704254170203
0.38560418293810983 -0.24745059175221096
-0.1033895830126963 1.2087728645596414
1.6144222259463952 0.5172725732455516
-1.854549977201156 -0.1647633784013669
0.48117618564571973 0.12834609392850904
-1.9159877191907735 0.06532008991002591
-0.12630248511983178 -1.7685301215967555
-1.252619185471556 1.9834064676016063
-0.21702918351614908 0.12353755725669613
-0.05617393161762507 -1.4279649843609836
-1.4903609396416515 -1.8439987185756959
0.0708771473037837 -1.2961455051628232
-0.04189714922601828 -0.4943962515516396
-1.7732449691904208 -1.9801244361421837
0.6907683452541216 -1.796197130675163
1.4729387618126188 0.05850034978196428
-1.5129561801615585 1.627648756085725
-1.3055738975089408 -0.44598924918478255
-0.7631669751545593 0.15028292449135927
1.5386256776052099 -0.12051747445635819
0.9409136794097348 1.7824681720729854
0.9833082773067532 -1.9394377366209752
-0.25843430586747873 -1.0183246049546022
0.6721190385038502 0.017876927832469303
0.6360679181425861 1.6140708708126996
0.19427904783485284 0.8426764313674631
0.4795002373671742 0.17188382403470825
0.12095850193882729 -0.5184353546062725
1.7817354383828072 -0.2506397470008701
-0.002592931318293079 -0.43966688631732076
0.913592414076692 0.11756983302420654
0.38469941464807444 1.397167886619763
1.9947443283979642 -0.10493055459188572
-0.8683968088516658 -1.412751253356352
0.9038564472022004 -0.25918867594209427
-0.38215392627057865 1.9447118779560268
-1.1886914122918628 -1.2562449744603525
0.4828766587830158 -1.5762028274920774
-1.3426331337873672 -0.49074399193336893
-1.6880485746426976 -0.4413154494859026
-0.2919232778087357 -1.5636821870335162
1.7123992045576526 0.6941927981916134
-0.19646796517657128 1.4458020323831837
-0.41759251005352693 -1.7924046354780727
1.9439287117453636 -0.817461648019663
1.5040463101220154 -1.6107083806714066
1.6064736366358456 -0.49592594420845293
-0.27338248788035546 -0.27139629163380885
0.5072481004650751 1.7600047445340041
-1.8462935548208308 0.3924914832070381
-0.7340106652998961 1.8755325719118217
-0.2947239939092867 -1.7215087777545168
-1.6419670120303684 1.6167320930803166
-0.06772417716841783 -1.8764795323556562
0.22222187372229696 -0.6160299795736504
0.4587431762434737 -1.9377866805619668
0.15047438538654623 -1.5571563733940152
-0.45752473566158036 -1.9548344792149717
-0.20338464603708095 0.8654473084096814
-0.5359846915681326 -1.94495308317404
0.03918521304060896 1.6537001475860698
-0.500577515824308 -1.4334127073235376
-1.9970431212447353 -1.5645523242169865
-1.6274688482155488 1.8418761554011946
-1.9175489751818962 -0.2687580198858628
0.3297261465154362 1.5906842284132146
1.8073037496037858 -1.8868198203883275
1.8315455115476915 -0.041165633396466284
1.972534133449856 -1.6409556788877446
-1.8280065802198986 0.44201325674283165
0.018420795740451634 -1.7381118366911932
1.5491619912836478 -1.6990796995111959
-1.9992761454228716 1.8935357182101331
1.254115641856385 0.02727826241287179
1.4632119924127402 0.03489326766381229
1.3924649951530959 1.8746785185650356
0.759195115543196 -0.2643022076149171
1.523648022980094 -0.3268099162626963
-1.5831084080216655 -0.3712205334676648
-0.8828498241984231 1.7846988997381326
1.8049247530875427 -0.23995499196667014
1.7076379047958996 1.9965265710952904
0.011219663078011699 -0.5465860808141105
0.21669668322894786 -0.24439728619518064
0.04475490994463538 -1.4648682053387243
1.8936935833391888 1.4889516132593323
0.41450827761467846 -1.5511546351633796
-1.5884545710906988 -0.4400351667941509
1.7176007841921623 -1.2172805871426111
-1.7909203344381677 0.2550966455451422
0.013950138019812819 0.6848841374459664
0.055851498859388116 -1.600776168099069
0.11917119211824856 -0.6294894860160518
-0.21429499684763975 -1.0262474192367197
-1.029035092843599 1.7384982546275456
0.13835443916787993 1.8367318724820043
-1.7882332359105875 0.2810889075744387
-1.9782466118707758 0.09109236607170823
-1.3089399093651108 -1.0584866103875914
1.658267302950199 -0.09071890798235582
1.5025124872009372 -0.47880585376379914
0.8834070210394702 0.20326267865016012
-0.16661966585936172 0.3294332954666741
1.8126245020485459 -1.0818619445514392
0.09111417358268215 -0.7547191185200619
0.2886613718690598 -0.25590989481247917
-1.1181820325677019 -0.013779297989872763
0.06809893323977434 -0.479876415278921
1.8085464488426517 0.8484878929011814
0.008399114114998607 1.9965430038238003
