1.5140525567716123 -1.1475220912670965
0.923700913304152 0.7329628302298357
0.5499949894102008 0.8230547308376188
1.461965842885383 1.022325098798424
0.6024477263671937 -0.9878393607572957
-0.7981585069024124 0.5997517388748359
1.614847869920919 0.8785996167783479
-1.205577561902031 0.3812214076938525
0.7984106322015121 -0.810598472731515
1.2899745159680212 1.3716890464629636
1.1050868371628741 -0.6195811094971169
1.0830307180658392 1.5107439388280421
-0.6398781880889559 0.8994655244624865
1.6651470631952692 0.9641865554987894
-1.6058362768725956 0.6975297138942618
1.3994372357797862 -0.6044180907473105
1.199458987815976 1.3791310480270451
0.8572372227892129 -0.5905106048904103
1.124350272578627 -1.2048219519142425
0.3440719338882694 0.8703285875044462
1.3835720051772458 0.41917716123651694
0.9831934376796863 0.4296518123922981
1.6163575793257743 1.087903610284041
1.1735209528246644 -1.273711805564873
-1.1450985314349071 1.3158375439921572
1.3174303418970057 1.3657824214393295
-1.1381752677536796 1.1058576187308002
1.2741288307833782 1.4530116742157504
1.6335070442333297 0.9746415515826587
-1.4688679365438015 1.4279798100074181
-0.6805508729650636 1.1980951859496254
-1.084083381809339 1.5455354017210485
-0.7833512421357209 1.2336177168257572
1.0507405087349415 0.7954935792839595
-1.0800787211473217 -0.3635985596246645
-1.0829020100934952 0.6599820440713979
-1.3927096811879207 0.42982494564810825
0.619160292751908 -1.3674446379392853
-0.8617245054292266 0.553498694390802
0.8564132306506003 0.8472530165365364
-1.3913230772981473 1.490055138924046
1.1516164111065623 0.8260046443071607
-0.5208095496827494 -1.5347126846863142
0.45785038085141094 0.5886608127440409
-0.8093936935657933 -0.36682861575631387
0.3764967149543921 0.7723346732980874
1.3310786357086473 0.7622051579160689
0.37932700411305076 -1.257892532454115
-1.6008567855821778 -1.073346262907675
0.6664056590119456 -1.474100386005265
1.1051642945012787 0.5876187169815292
0.7860295869419796 -0.6565374593905768
1.4301497135838428 0.5296253887437645
1.389147473122787 -1.5213623454610237
1.3511635421792763 1.0457142409258182
0.9150955551140969 -0.7027947391328819
-1.4094515239136038 0.7478307910060771
-1.0143009280041642 0.39411833602709434
-0.8492338074278614 1.3742686526322117
1.6747968018892911 1.107905170373873
-0.7914055150837673 1.625986730735705
0.5899714870432087 0.46554921578151864
1.226707769338979 0.9961828759431333
1.05830589483393 0.7817970573340949
1.132960350953525 1.415688376888434
0.6019842778679574 -0.9802918489176662
-1.4962812303651578 1.0969476762408656
1.5002937724468142 1.455017215504176
-0.41410569173749456 -1.4180899544599197
-0.8147066868548793 1.11996864432267
-1.0040590824483697 0.9162106691247303
-0.6596570535924644 -0.41140803458824804
-1.5418687885823283 1.3437359938302205
1.2162218279817698 -1.570865436823473
0.42692568347373916 1.15093038932514
-1.061461945922471 0.5455009239648185
-0.7653440295206955 1.4725501368366465
-1.4049504730402034 0.7992030230282765
0.8323109393647754 1.0686445671461482
-1.2354601512709302 1.1201343414497837
0.7495174125335389 1.2174617279220419
-1.1924524824848421 1.631554547218307
0.7582803490542527 0.7122168052234055
1.1383684766300441 -1.3555281821474567
1.501320302340544 -0.9211286364643181
0.7096957765136973 0.7634780709389264
0.47830798394607044 1.2392080526407612
1.451156913551614 1.3635480310072405
0.8879407284162619 -1.6323039739075558
1.5911644894898194 -1.2864994298997496
1.220497193400036 -1.5879036114521048
0.5094158128106883 1.242170613713626
1.0071593940411083 0.8170807323269282
0.9308945380045186 0.8082365681388022
1.4313084115405554 0.9531940909366359
-1.2479967741125377 0.9080691135421115
-0.8041159803707059 0.4020290345280335
0.8538682674625355 0.5707141070788508
-0.7325329789970305 1.5803353295194205
0.9440282789082066 -0.7948617440375552
1.6129088163819847 -0.793714604610499
1.319401890230544 -0.750080274168492
0.35014922067263266 1.1949054345563068
-0.41872390372129153 1.1179070139653922
-1.325332514857335 0.9865299541084012
1.371908171012917 1.0061257824250571
0.7456416490997575 -1.2788612305124025
-1.109081389622232 1.3705657329377066
1.1492629838006567 0.6793740715907495
-0.5963899789963847 0.9147130186007035
0.8451485527891429 -1.5292301777894788
-1.2321959540034917 1.5772311219492923
0.5930303233200602 1.5034326337673
1.1376056470549676 -0.6700688022096211
1.1484543064769848 -1.0030995497895319
0.3856869108054717 0.946900558018108
1.3514149866246528 0.5766946088468967
0.5368797690556906 1.2833966613744234
0.8789180975650299 1.5888055249781705
0.547885462937594 -1.405964270793183
1.458783845811992 -1.4956604075999334
-1.2916232967666246 1.3359388545491293
1.6506369466438358 -0.7937406944227883
-1.430829843286852 -0.43784741201327515
0.8358396328919446 0.705451405898843
0.597922847358177 -1.416321520302947
1.179424996165364 -0.7241290224812298
0.9098982665154738 -1.3984130934404342
1.3421770968955036 1.4689019149403935
-1.355864344961391 0.44380819633408297
1.036523001311851 -1.5054064868312929
-1.2954064243701904 0.5535858625875822
0.7141272148082063 -1.250401397857678
-0.8915668773264924 0.39385656279084547
-1.1030962279580105 1.1838282877728674
-0.9885952478490676 0.49317370626373025
-0.8530716702398995 0.660826008261604
0.6425615139058909 -0.7314786966233053
1.405576897570655 0.46122893234939566
1.0983307217689418 -0.5221384658101891
-0.35639476453691543 -0.6314372817366314
-1.4082962469584257 1.5433439793409258
0.5820954349576541 -1.1825523302152439
-1.5599493175061934 0.9725331997038271
0.6281441263868719 -1.3923791185940129
0.6999334039306526 -0.9156622956071456
-1.0221842653119344 -0.39246727141581506
-1.5759926845209162 0.9958746148666613
0.9499101834787398 -0.508393731421346
1.2098589659064225 -0.4285031146566167
0.7014186116531524 0.9597195443766942
0.4772853365453429 -0.8804677161275367
1.298706167160549 -1.3892027716863184
-1.1773051292554437 0.47321872528429987
-1.0797956906588362 0.3504545442064346
1.3734357890458009 1.3121042261751787
0.8056574642486685 1.3180062968544148
-0.6308297453248088 1.5288499192850686
0.6871214336435325 0.8965644467129441
0.7385789400924518 -0.9757471575946299
-1.636837397707036 -0.998000817877311
-0.32498238872498186 -1.163472166577121
-1.2367679830426077 0.8842102514340806
1.492715924402947 -0.651141702069812
0.7868495467830128 -0.7638560716769436
1.2551799306803186 0.5158429718018778
0.5173771280329591 -0.7421933279879642
0.49897594013976043 -0.7280822815386458
1.344371778813929 1.0096913180992804
-0.42643887118453083 0.9172489523957017
-1.4094500939560226 -0.3951420499724465
1.3790697452452823 0.5454812023053903
1.4202812297806102 -1.1315486654033333
-1.2467045886309958 1.265606143884959
-0.6218409359172212 0.7502347687221893
1.2654989345440844 -1.2521218029779475
1.6101445698169803 -0.887834095104397
0.5444606530870271 -1.199024539804376
1.5777518733006395 1.0479076624564532
0.9467370413977476 -1.3814443896779403
1.4797011627337415 0.7552985420782496
-0.9412878411904271 -1.6190909959619706
0.9039223140806603 1.0466134165855672
-1.5970624088495837 -1.4939947639582054
0.6938416799493434 1.4089293009919643
-1.0241116448735772 0.3856573682582063
-0.7775752873256541 1.6292495604052109
-1.3815275332253734 0.7501858207192851
1.1204140629394206 -1.3058833686858842
0.7211808134788722 1.1989905806886014
1.2463848408756522 0.6913388438294317
0.7747474452711489 -1.1186339213639442
1.2873170759805892 -0.9029102701333169
1.1620491633752121 0.9847118238698958
-0.6233823908683709 1.193077981312277
0.6390281686277723 1.5184775253509502
1.1365073795327802 -1.1920221049569633
0.9973042784802999 -0.3564075590850355
-0.9191900374588173 1.483671419805964
0.5587081954559912 -0.6296739977326489
1.6115465136428986 -1.2293981630709747
0.7626134238960529 -1.5515063460786473
1.2508333786782817 0.40814029693792886
0.6364770816327341 1.1895556243386438
1.3708734091495112 1.0568222429246665
0.5248691895813398 0.790534225799548
1.3442144086834884 1.2394944439322622
0.49282091122838256 1.009584381390471
1.4280106147334966 1.1507524821945698
0.8678732605040445 -1.2965070178850548
-1.0521446049770993 1.1665955905420509
-1.2692210827951111 0.8279090142577958
0.8049359184289826 -1.34915722256831
0.4111271577805877 1.039931495631269
1.324185002912298 1.4427892324713056
0.7515458927779761 -1.4860591831218883
1.495448009212541 1.2438545965257313
1.1480195998649894 -1.0314837556068
-0.4361059526906059 -0.5217060394546129
0.6920008911713214 -1.5561450696233026
0.8351776169431693 -0.4376602146843638
-1.2788445056983164 1.0585957344183385
-0.6652821571785408 1.0402949158753985
-1.0258901450050781 -0.3907096735541584
-0.8469070251797217 0.840933676249926
0.5420089288105157 -1.0553134086389826
1.4578715658319812 -0.7739215937529518
-1.3196615378056196 1.034386868102953
1.0280016148993947 -0.4629852076990426
1.4144836507634855 0.9597856668047924
0.6170863884579703 -1.1485683389670305
-0.35778237385039713 1.0760834482674615
1.5838122589085084 -1.3590625078071001
-0.8949131298001136 1.1404417405532894
-1.5618497576995858 -1.2176962587865385
-0.6483948336878225 0.6356579552523836
0.638279249946518 -1.26129673559588
1.3281486622147862 0.4915922004467279
0.8373761294825055 -0.5050646761108233
1.4565021269089327 -0.5933342474223071
0.638396688994666 1.4315679660234717
1.6631775361976304 1.126205752973434
-0.9919872033627497 1.6201120080283666
-1.6306301857628087 -0.766814122936279
-0.9514393988803858 0.8657026169331985
-1.0965468471379989 0.39263657165729793
1.034963050280174 1.6833913015221271
1.2334113446416515 -0.9962725236345986
-0.5969882729535279 0.8927500412252867
-1.266365708509841 0.5825566452312403
-0.4586598398128161 0.8005679875464069
0.9010460920817844 0.6917878310669634
-0.7055758422350751 -0.4159189170579207
0.5480930599285352 1.2194249482740083
-0.8677621052612428 1.6248057375663163
-1.3087852356556229 -1.5921521668766179
0.6346686777845192 0.5718208374080245
0.7494726687124751 1.1887011578844828
-1.2124372625356936 1.5249242931779659
1.3551499337649338 0.9353133428323175
0.8153907906398259 1.3971791509321592
1.517938479164934 0.9992441842383184
1.2904952469322404 -1.1544729136775866
0.5547099899974013 0.7019452515800504
0.5269280363751809 -0.6897857048535108
0.4926305579948038 1.0968100676633101
0.7730897604213443 1.191454621506851
0.9906641928803968 -1.2229804134064803
1.4827034487209438 0.6088497227618443
1.2617177124146832 0.39828394786769605
0.9838986658487223 -1.263897782996719
-1.0649251507696817 1.5119749681723698
1.017264432503282 0.9756450414768079
-0.5503875076255871 0.8874685171630712
-1.1631823570488198 1.5047284288808278
-0.3079466595912206 -1.0712605320278685
1.210334723785412 -0.8578381164223874
-1.3123847924846657 1.2319063701588693
-1.3823316006137665 0.5295389119182436
-0.7686008485549296 1.3998654610134755
-0.37557964932220056 -1.1340039437750606
0.9923953961641394 -0.847659643880283
0.7718637444615526 1.139694002472814
-0.9720658631543091 -0.3930460963542477
0.5501692958329194 -1.2951501972115187
0.6718343818703114 -1.4972607729492702
0.6856763562996422 0.6950387569307162
-1.2184905849012164 1.0398891690889123
-1.4941206460466452 0.7013434588463205
1.395005495017012 -0.5327414878141421
1.2064384417067537 -0.5711621730550487
0.5060375430148225 1.0104368486844364
1.2621343800436664 -0.860095937809152
-0.6053942886502757 0.8920492467639747
-0.4506957772025584 1.4067197994621168
-0.794094280559305 1.5352049997943067
-0.3806850434314768 -0.5907255970074257
1.5459488965473653 -1.1449501407162117
-1.6989509050147267 1.0332002163104086
0.9101588988619946 -1.44805586596928
0.47913130621545097 0.6271117221108273
-0.9461983916599199 0.7677121240715961
-1.2237708261881286 0.723765711363181
0.9397119044451463 -1.1531438547584272
0.4682721808678103 -1.2412745078849188
1.087937088422943 -0.475895058048752
1.40023594091768 1.5008727954818317
0.44987159430233303 -0.6486648430296373
-0.9675234259363896 -1.6056416401210405
1.054162504110412 1.4584488854749371
-1.5761193872441241 1.1289480474701157
1.5358308088806574 1.3907624010533168
-0.36810280633038417 -0.9507666191575801
1.0550968909815 1.0727261083160564
1.5982819682646099 1.3283578064926291
0.9437841601447521 -1.069860681707627
0.46488368839785377 0.790000698305144
0.41572823456269337 -0.8041964119210361
0.7606173391211386 -1.6212409805239067
-1.5597946088502197 -0.6888341283083892
0.45834213029368653 -1.1526019983338793
-1.1583343705836442 1.2333794595677063
-1.0703414781852474 -1.599891983850696
1.0702408442083358 1.2524632600645687
-1.0545603601676272 1.3691070934644993
-0.8122040443765703 0.42248516908965916
-1.2268447763389134 1.5114534110654336
-1.4260807320000666 0.8671226977781683
0.6776317747860667 -0.3884155140864429
0.7403895452976843 0.9471267496116047
1.0564553184594585 0.48860776679131046
-0.8826976390899559 0.5032624198239515
-0.7582238081263779 0.8131078156386535
1.591845061102363 0.896339114285015
-1.3675490887175337 1.2267763184934375
1.5400358687072089 1.2167115187335988
1.6482607422576634 0.7865184107643493
0.43749429344458823 0.5936022997411201
0.5802702714110657 1.247409551979192
0.41071872766036366 -1.0504051166803081
0.5675594467457095 0.937548898972532
0.9130000506300617 -0.6300095051889048
1.2753112530099608 1.4202528017013343
0.658057960955889 -1.5361739564917878
0.7871990337461718 0.8316401135834712
-1.1003302692682482 1.6065690997493305
1.0236124919996876 -1.2790651147708405
-0.44207014004812173 -0.46805262065064035
0.6840722153901653 0.5136382335442566
0.9976521439378221 0.3047653198221951
1.2149978025851893 0.6488973959871438
1.1112974268091689 0.3775012384563077
1.5841197051348193 -0.9073837551233721
0.6030809870161158 -1.5681059644144262
1.0922397847811514 1.2456232938537104
0.40538503485413724 -0.9357748986186931
0.9031631204227395 0.7686689725072164
-1.3718513870196776 -0.385996158905336
-1.0144463881064087 0.7938080385797899
0.5417536954753803 -0.731947098948968
1.1674702604123848 -0.5660057454044365
-1.2826741432368824 1.445381231949567
1.0799778216543552 1.6665484771534977
1.1142141306270519 -1.4052327172459482
1.4494922697185517 1.0988996917663134
-1.6431998154068816 0.949594067092423
-1.029126125605012 0.6633866174350675
-0.36841965009889854 -1.4925822497072376
1.0177637614309005 0.39192507002191057
0.8601739727979161 0.677401780462382
-0.46845765032499687 1.001643471788911
1.1305769974285989 -0.3991943053108433
1.0984323612747238 -0.5836461014456344
1.2608545853367525 -1.110249982030084
0.62407426136595 -1.0397440225681196
0.8971928268083835 0.5357745883333584
1.3767113507146331 -0.9664572705832835
-1.192099108313882 1.5200956507399592
0.7959188182876606 0.45836066118039964
-1.0778662557492216 0.3215119199484935
-1.0843270180528841 0.7534267257736578
-0.42809717828751337 -1.5316118629573374
-0.6271362611480567 1.3903077565485713
-1.5357072477925353 0.9277547390879195
0.6100506257060716 -1.0129286003339888
0.3646902175094864 0.908738963778343
-0.8007019940648776 0.7746181884034988
0.5178018111403913 0.6941868518470455
1.1900367570970958 1.621121933823873
0.4479940876034325 -1.376441113156107
-1.039386277064541 0.3327703339185182
-0.6714874214398998 0.804910122316937
1.230997828688651 1.3131246332943345
1.4161868824674095 1.3878654484255524
-1.0185998030776244 -0.3754370824668074
0.6298834922581382 -1.1354533680402246
0.43397444118936335 0.7027892913596308
0.8848605944944583 0.3259018585577116
1.0799564923685159 1.0546172698151035
-1.2484185732702562 0.8722478313971633
-0.3506378746301899 -0.6723707102563914
0.9297991841726825 -1.150534079899988
0.6793626371846728 0.4934069934882368
-0.7484813662508065 0.42601810839289334
1.4116533173534416 -1.0311962449856487
-1.3047663398832205 0.6419463519964852
-0.7187414624351574 1.595260104831067
-0.3597261612784721 -0.5678671998589615
-0.9100570641557812 1.4749163540536858
0.7916535297710481 -1.0479123922454798
0.5119193283241592 1.0602988326600746
-1.2350719388733387 1.6512480215043537
-0.8660614498929444 1.414560674966749
1.1303677884373449 -1.567812981310551
-0.48650979129199357 -0.49254818293850233
-0.6943250858028858 1.6294903056548322
0.8220033680222483 -0.9649401619377151
-1.4214723390763546 1.0319784182187255
1.6291261821535006 -1.1558499968535427
0.4246067655614616 -0.8500302797989132
0.4600002867248514 1.193009201160295
-1.6129480324496916 -1.2038381517391157
0.4448223597811478 1.1201012366830474
-1.057467649698475 -0.38515478404720804
0.3212468678796725 -0.9784413215246848
-0.6084027311096425 1.5605672794815022
-1.2623380358716316 1.0160252752139467
1.2274389380427762 0.6373071732665423
0.4962524520840921 -0.8966752518042704
1.0582783097301776 1.50176558896829
1.0809881627290463 -0.5260423253672424
-1.0420029467680996 -1.6985204868229888
1.4077059212986893 -0.9846727520604395
0.4286889600974666 1.1201557315382145
-1.6779451626308153 0.9221881634030793
0.7772953578302837 0.6661796837069813
-0.9259399214060098 1.2728336312877713
-0.7260774976827298 -1.6041883290909387
-0.3572845576331676 -1.4454936238990839
1.4853292168549284 1.458843683196323
1.4497943370818631 -1.0114255390763511
-0.5448469317364006 0.8135501406416097
0.6935857969116372 -1.6282452743216425
-0.3618363909157556 -1.4725462009542105
-0.7422173063407316 1.3848065516227055
0.4492381433946644 -0.5844731089127166
-0.7043937018323105 1.0418546283080543
1.389085369409667 -0.7490646350261381
1.4785792222569518 -0.8178414915641317
-1.150323276577375 1.2794627945308825
-0.7513240066769846 1.2326828747508327
1.6536358450903355 0.8005271290194895
0.7330035405940496 0.7866384560760209
1.062945036301382 -1.4379011399377428
-0.5722463135190252 0.5479900162509903
1.0861223408494514 -1.3198879074370913
-0.9334572112066462 1.3273523318615275
0.7627473537221139 -0.901124885233791
0.46435763840069955 1.2191301268805104
1.0192601712620935 1.0571378887271137
0.9006622232545323 -1.3689040689415095
0.5511090103658867 1.2504605951789234
0.6594979903643039 -1.4832286227667901
-1.6582899596861789 -0.9471334059706815
-0.7092889408714518 0.5620337863027185
-0.442918138822602 0.5793356455796803
-1.375763585438163 1.1611009198206377
-0.529845174528468 1.500272700676669
1.4123341087886203 0.9005271613606767
0.897568939425021 -1.0431929004017855
1.1596773817721675 1.324555627524672
-0.8039432612754509 -0.3302182956063877
-1.0229189691472915 0.9312434536386722
-0.8876972130572085 0.5933152380494779
1.5405297278288232 -1.277913941800569
0.34049607308040253 0.9065225778252666
-1.639010285928637 1.152562842639397
-1.3012337091649164 1.1497616721623078
1.0686709246449122 0.9610584911929716
-1.5350938600034958 1.2530429863008563
-0.8361461894641598 -1.5950414646322768
-1.5235560048884995 0.9117336258563284
0.5379509707976435 -0.7345717669367948
-0.364707090187387 1.263953343868427
0.6000931552688731 -1.0080708216444405
-1.5587413089310989 1.2189662978578015
0.9490299069711328 -0.5965861189550252
0.8337534490285994 1.10754296359233
1.1179679391095019 1.109356586597285
0.7658852385600365 -1.3296133933638448
-0.9319815576571462 -1.58733517777403
-0.9666233254413288 0.5366487471987784
0.9451796022189836 0.779381400006312
1.1350083248529041 -1.2808699194632482
1.00596961921058 -0.4769517043198306
1.4653791340549005 -1.546832255713615
1.2122163894640154 -0.4033609906467519
-1.2459507857078438 1.1826514837975517
1.4378608498258276 1.5401431801096592
1.0850885914900634 1.523628047521004
-0.8260424307539913 -1.6714934699595108
0.768817016111778 -1.6323758346866177
-1.4167857356240132 1.3414520635238625
-0.37638693323486905 -0.8616282456133
1.1388765058637724 -0.36117383640574774
-1.5241414472611896 0.8195992258269738
0.6537297426844337 -1.2408771740481197
0.6228675700191815 -0.8886629436952336
0.5231419195685638 1.3183477944309332
0.4060809730794479 1.0285271769195474
0.700585996445322 -0.5282836091181315
-1.2090211151736918 1.322986118324307
-0.6290293730443524 1.4905295306288795
1.6390559282244532 -0.8831093010246436
1.6595017699473038 1.0119400795679399
-0.8238421843460828 1.1302530455214082
0.9855131285330017 -0.8922162490600649
-1.6936103697887783 1.0361982475955962
1.4002844190867259 1.1461833981178602
-1.3567706838635742 0.6877788095250388
0.42468480599897074 1.1957023645880311
0.5342259431997354 -0.5797925012055689
-1.5943587312328797 0.7956653260932813
-1.5604454072958909 -0.7284780456335613
-1.1622237839224816 1.3025018568894078
0.7154637421154302 -0.6085256277447244
-1.4497142011748854 1.3263041068261332
0.7763313857355265 0.8392389162016194
1.5449802958126497 -0.920584748277447
0.658945738284944 -0.8295330230566105
0.957120986534191 -0.9386701662711863
0.8772233538856433 -1.0804733574794008
1.0016830026028773 -1.591141822663173
-0.6020145154612644 0.6954286127428273
0.4140215554272402 1.1445981183092044
1.1800162190280878 -0.8026008767751653
-1.5348094475695144 1.2334795005267112
-0.6801370871307171 1.0197952560293815
0.5595140892290615 0.6310701287331821
0.797311030349495 -0.5936410224434492
1.6433583911347949 1.2708836856868335
-1.0449575214509021 0.5433143963732805
1.3695882563825825 0.5755093201254593
1.4674798428779723 0.8542135902114705
0.9612425888543443 -0.7546798422692786
0.5432341060928536 -1.0480786907403647
-0.6752252487434851 -0.4122338622046975
0.5592829904986916 0.5957748139032994
-1.1378228288269172 1.3133777251949352
0.7325174285134906 0.8055100346706228
0.7336335083029599 -0.5281919799375809
0.5167917118512952 -1.1348632608538796
-0.7835234297095939 0.48715612100899897
-0.6885147550134745 0.4291233398784531
1.2390647544405518 -0.9420649322898194
-1.2378384812477168 1.657510610143678
0.8891562808592028 0.606720708485109
0.9042248911468009 -1.0334960334402101
-0.5034568602897296 1.3642068740739268
0.7582385090654773 -0.7354378225950406
1.0291137740809702 -0.8190503100558368
-1.3504200869772038 1.1975781700253627
0.3648901614231632 0.8242398505162631
1.5977115126668489 -1.1021810271186632
1.571105230962349 -0.7536672853013617
0.688968986601759 0.8367549989113443
0.8732987582923957 -1.4582244159770736
1.3145826529896794 1.4237128389440556
1.0456372418396653 1.0216975050961747
1.2048089778432223 0.8637258209735226
1.028860095344628 -1.6488004827803246
1.3643213959756473 -0.5615369292746215
-0.9030509431760256 1.5659457334704503
-0.960466379403687 1.3751000077075126
0.7232106248914856 -0.6655433874707835
-0.9041792097068679 -1.5987986256617237
-0.6098232398931644 -1.5965587700254056
1.6729068397221596 1.127043885018594
-0.915060680798669 1.3184821793237882
0.948154612667941 0.7879103001109069
0.39438898151650426 -1.3277470275670917
-0.8136231848956919 1.3173539501229588
1.2106907081771223 1.1045971736192275
1.4221259383376346 -0.5196633219835713
-1.5665956667385914 -1.0064551640335258
1.5418597496434705 -0.8237714612123903
1.0162675601221314 1.616908086085227
-1.0127479315733368 0.4017202714760453
1.5966351886640018 -0.8487045456950582
-1.0383314262752368 0.8558473007032625
1.2556548282874767 0.591592909286589
-0.9931508088784797 -1.6380553822066037
1.120161986027353 -0.9037296982534109
0.7473214237973518 -1.4286929341398054
-1.0385474096877316 0.5218865872522533
0.3297514245020845 -1.0879030969655519
0.7380464467014503 -0.5687000030340874
0.3388595270046859 0.8948187844436131
1.5109920588604044 0.5402997703772772
1.464667727111019 1.0044897631423577
0.6664755016187134 0.8868795114367489
1.3448270911226357 0.5368685462558465
0.9755352895288802 -1.6886643419106417
-1.2025097781279857 1.3993342211343878
0.6858859975678269 1.4242363366541109
-0.4510446671466761 -0.55310040330605
-1.0019885681246659 0.8066109031212836
0.888083094949486 -1.2898557437902376
0.4379984709033389 -0.6318858815252959
-0.5035721801787347 1.1196936868098097
0.6513523632244809 -1.3601723013620868
1.3481001501210046 0.845001074970464
0.86577713663173 1.2491647326574844
-1.3339835055889875 0.8307664411350242
1.4617661236822128 1.2361346443942676
-0.8427205369902668 0.988920343850423
0.9434189788489085 -1.3457241254463304
1.1299147211015628 1.3127345131074692
0.9449055845578451 0.3024829926404342
0.7201920367993484 -1.339603021545476
1.0171242328303727 0.35491455959328055
0.9739046660526043 1.3656975901845296
1.0710364505205794 0.5729283614082754
-1.159825788062221 0.5459165986484349
0.5607862395836145 1.0951651672585019
-1.5209367355336632 0.968104773140956
-1.2202498919775167 1.5865230395771115
1.4196307165458761 0.7441827178805358
0.59321332715859 1.5470546406552512
0.7817800670671309 0.9460749574126308
0.5166958291579644 -1.067337117595351
-0.5155749645477519 0.5070975249596086
0.3509439730337309 1.1674712783657633
-1.6872915071487644 0.9438297092678085
-1.0858923332919783 1.1982448473668366
0.6953708488537473 -1.207862531004276
-1.2145171922545348 -1.5935711514194493
0.5179717622742053 -1.2272715845389381
1.4951856395945842 0.575887402450936
-0.9693457822962417 1.3621579896188138
-0.9653524460932328 1.6352306923948894
0.7492408246758524 -0.37273132834992584
0.5127006876884348 -1.4929382229813197
-1.155016698632953 0.7504036132200658
0.8184828751900737 -0.6567179895165371
-0.7332102819676298 1.2718514737058664
-0.5531859061256394 0.9835771148455241
-0.6449390648040962 -1.6098835337062503
-0.9775607062065848 1.4580293380494553
0.6019623527735032 -0.559584956223004
-0.8731400653438035 0.9659911208694631
0.4620520102513792 1.1128055542321924
1.223348160538201 -1.0269918948690515
1.596335225644082 1.1594639133679046
1.1447255275759898 -1.3128832556626029
-1.434485862218187 0.6776368775404715
1.0384290776051062 1.5052687999598677
0.42073522718368617 -1.293672923725433
1.6416496724923437 -1.0769046120128052
-1.0772647253229013 0.9859934481311838
1.2826289182407624 0.37598239221320906
-1.132557856053761 1.6035699141935513
1.1158541385769625 0.6158694361799668
-0.35088526338253834 -0.8774529686726193
1.348863307493449 0.7438482666428983
-1.618298980127363 -1.101841998100073
1.2018993963478257 1.0665656972535351
-1.2579526835205046 0.9726928743080792
1.3386426220229537 0.8016716010376945
0.6225120136983775 0.7174854732333742
0.8277978338707617 -1.021338717160884
1.5569477558141043 0.8919600328371309
-1.2132709146722709 -0.354793470427214
-1.4220865522434587 1.3521056780881047
0.5990358924423167 0.7986042449799107
1.45366734629392 1.1595141985173627
-1.5735424841431347 1.1114989964685256
-1.497894617424877 0.6526938296778724
-1.0231490162279453 0.3946766144361864
1.1361732820780994 -0.4089820439458438
-0.829291358217696 0.6895387984701684
0.8766148208634408 0.7980051718704755
0.7663069712611277 0.8365682255548581
-0.8455888121010631 0.4146437151219984
1.247637943392526 1.4202270175246383
-1.291239645979081 0.6002467624998236
1.1428400119753466 0.6444062398173709
-0.6329705454588805 1.2107776318930248
-1.6404422016202034 -1.2197823926698899
1.220173594257468 0.8476196589292502
0.35148390367821847 -0.908893819029148
0.8736457983378951 -1.6258913635964967
0.7374235266614413 -0.9031421128955701
-1.213796021606786 0.6132631442377123
0.5242671873608171 -1.4752647719183392
-1.254704103100237 1.4391962395898306
1.4821034827274095 1.3429866797888215
-0.3798458912959677 -0.9484978022427963
0.6292874390580296 -0.5261833973118093
1.0762936893465351 -0.7591262037943443
1.300923298791485 -1.0765324283965962
-1.0426798015881662 0.7263588427733052
0.9679202307478265 -0.9192149916214722
-1.5769110220081304 0.9899687474215169
0.7903637781351258 1.339539105147466
0.7413961958942417 -0.7056821186565667
0.5716119714931995 0.46389099648030374
0.8090262967883106 -1.4850635493210573
-0.8804099738904001 1.497900432304049
-0.961712730964956 1.108649509486943
-0.9523012822587349 1.463644373242143
1.2106578795908383 -1.0353747531458457
-0.6699851407109962 1.2805181279369577
0.8772010673807205 1.5571891051411044
0.33565068171958323 1.1301001223697344
0.9775771913377973 -1.3427817638252506
-0.6483468139594901 1.082347303299188
-0.4567590744469996 -0.4983111952442614
1.1957666118812988 -1.093811154957625
0.44209492826571495 1.14235844187737
-1.2598331598200172 1.0339644643448165
0.751614351798005 1.2438118508434308
0.75202601261249 1.175356549502582
-0.9875708992256502 1.5401736061928917
1.0217336701080577 -1.2175781197305597
1.2447174016412959 -0.9193368281353202
-1.4734704950814117 0.7678285576272454
1.0485822585025253 1.1430587372350063
-0.6286600049271098 0.7049739954375962
0.681411424642163 -1.4485239460502002
0.852502205044293 -0.5948039088518202
1.2728702949936945 1.4085634979560395
0.9781976469647979 -1.0420723610626674
1.1421302648435239 1.4172034845480277
1.0250519386572554 0.4005969027179779
0.5099369678542875 1.3320062289648993
0.6319514039054961 -1.2344531855686833
-1.0187630717988858 0.6159185962193607
1.1027412343959773 1.4106599377399527
0.9619696786579062 -1.254995227043302
1.1373782561291175 -1.298956969475959
0.8135734680567333 1.2040291186411851
1.5881586506899281 -1.4053169211127674
-0.9053709924185611 1.466449048199816
-0.4718186598382701 0.9781069940903868
-0.497030299263439 0.5220964539656183
1.3108917082185116 0.7988445089138203
-0.3386739620031074 -1.3542409969798381
1.5066818415510759 1.2274915643170798
0.8607348694249759 0.40658739315234094
1.146690927901485 0.8377218248984404
1.1684032644229232 -0.6769467323089882
-1.2607364628118907 0.6684902538101536
-1.1164781664606696 0.4285011457313268
1.3198956919239708 1.1908346679573492
1.2388887748243729 -0.7404300041651712
1.0160213159674991 0.678394615496416
-0.6771326417135524 0.6268342228314121
1.6031965797377858 1.0210372833376482
-1.5046856008277154 1.4544539431394359
0.872304893686644 -1.046800063103626
1.2854368720401452 1.4182723767721015
1.2715007140465038 1.6106148766140582
0.7638315721614672 -1.5885657274868854
0.8856798670444328 -0.7327584047066042
-0.637662500400348 0.46228421528224306
-1.4814654592991867 -0.446316786222809
-1.649090907660271 -1.081502070753063
1.4182918912364761 -1.128127997088086
-0.8831450665847571 1.1769652920121687
0.4873313895649827 -0.6826793870880339
1.0825192270773067 -1.2368153402058737
1.0745512455388613 -1.641199080756202
1.1848925701875919 1.2662460205404513
1.437085861229686 0.6977963619702594
0.4370504438122307 1.2286341335717528
-1.1995349728096465 -1.6159383555918176
-1.379761000315046 1.5555405620312013
-1.4491539146288424 0.8130059242133605
1.0097945494525153 1.4763653069083067
1.0029075046883604 -1.1192434625325562
0.8979227640157266 -0.49460030645051845
-0.4364816007690995 -0.5532243604595832
-0.45696352492698367 -0.5130276065077748
1.3996783974392226 -0.8432939153309205
0.7244932983756986 0.7831588649601815
1.128508315713328 0.49670936452457015
-1.148081615190665 0.3462335103276679
1.6071205768565977 -0.8638303019713738
-1.2993021352474052 0.8319643989427936
1.5891412523495867 0.7183482981816134
1.3270234128306337 0.9492584301862634
0.6806937554844135 -1.3373382443100685
1.1631532112528458 0.8633227369921537
-1.5254421953857036 1.3057058598904518
0.48645074224972573 -1.454100589583613
-1.0517986992886277 -1.6765523390542159
-0.5812826907192257 0.990444701641668
-0.3592121461617981 -0.711480718937461
-0.3976067392850058 1.2508824098287201
-1.129201805991686 -0.33164710644359374
0.8444654591264724 -1.6155706082423413
-1.199758878174963 1.5046609372139188
1.3827558175589378 -0.4161770600866852
1.1548135195308338 0.4193034705209131
-1.1706979335744738 1.2990860460205718
1.2280434781040106 1.5598903687352403
0.9568309203208281 -1.3946967045670733
-0.9080113814947834 -1.618066545801664
1.4893711583180802 -0.7203409072453453
0.49998608852065196 -1.2834532862639296
-1.638620096844508 -1.2249658490375972
0.8208811636762823 -1.0106258231766834
0.6149341191257025 0.97272407219846
0.5799383906520186 1.0317282948474182
0.6650231576940806 -1.1948700694535899
1.0212465532190285 -0.49638280248181843
0.6166871184215612 0.7713546310592339
-0.5252753745048304 -1.5752488430604865
1.3681719674350838 0.8937952776226332
1.1965483705126654 -0.4172627246340399
1.4279323716200039 0.5246488944651233
-1.1239100436313874 0.8024303503051273
-0.6189516064460223 0.7337214993231949
-0.5104783728637257 0.8948340962265666
-0.45302725345761674 0.9688211475415778
-1.1583468640120667 1.2060452698128024
1.6503817624424983 -1.213637009853159
0.6900662891501463 1.2377109895008767
0.42229386455878926 0.8067206752928353
-0.8822306865444927 0.8590440055259463
0.8559667989611657 -0.3725043184177439
-0.6162199910628257 1.156571794263734
1.170145577822804 -0.7545993205567272
0.4033159453288624 1.1307057501373845
0.4737974635802744 -0.9342807422770361
0.9397403490747696 1.3359676681552566
-1.5765085396678633 1.1559638336982867
0.8923339335801721 -0.6146544893898422
-1.1899608333488745 0.9035326453437902
-1.0769475888078044 -0.3890351092707718
-0.32888205898792666 -1.2919742836401409
-1.5449558558367893 0.9287763302948124
1.3034161586229667 1.0399805207604622
-0.5039351749278658 1.3275923227809372
0.6118301625784723 -1.5676763031844128
0.6247778349475741 -1.1764309675107465
-0.8504807601784288 1.1562296605292528
0.8588354702965377 0.412061678447857
0.6416009780969847 -1.5738494100336617
-0.34054005025412204 -1.1894096097849145
-0.9832487444182938 1.235380770633781
-1.6551827161651373 -1.0967427562673504
-0.3805179763448767 -0.7989772045825512
0.782978234859478 0.7135624683522481
-1.244462766987393 1.577473939231092
-1.1911641291199748 1.1635586751093037
-0.843342614849854 1.5793524344874132
0.7377585041733252 -0.5245333179931451
0.8316366101729291 0.6380093248622147
0.9465378772162616 -0.4272564942103183
-1.5348504734835884 0.9100568586173963
0.8450969190794551 0.48532138516905565
0.8101037267592064 -0.4500502249134417
0.8762280102127651 0.7228642945695145
-0.37268236201576865 -0.7341001272200738
-0.7479325688851013 1.5220055314107062
-0.7074300456594478 0.9968769816908467
-1.254846412458531 1.3899717518667032
0.8470838979629893 1.000284282259519
1.4905112417554753 0.7694654095720708
-1.3935156069835397 1.5554470925995543
-0.6508495696569554 1.0782438960657248
0.4346544321697343 -0.8110079794415652
1.481511684913595 1.1345028783339872
-0.851586042700422 0.6415216613976185
1.3154744140904016 -1.1987653223174313
-0.6064095937437766 0.5885267042562687
0.8336731678609057 0.37402717691045906
1.2335587170938394 1.2237734943712546
0.8874044535040753 0.8683341505862114
0.35450565120509214 0.9499064810048887
1.4418776368644775 -1.0239734285567734
0.3285876082192609 1.0072614648096656
-1.0002449132402114 0.4208594702097104
1.4342692998171613 1.4752771205013677
-0.9552217099069558 1.0639379853124735
-1.0841447312045278 0.8764843469977803
-0.8916550068953879 1.638713023614517
0.549769337468486 -0.9932348016699897
0.830448668294193 -0.9075925084018088
1.4619802361738916 0.6445678002615995
-0.5781515722487716 1.0228221584050958
-0.9808559608032441 1.2997694997735483
-1.6280474149977198 1.1665919532194842
0.8677608529970238 0.8308074629699531
1.499537433575687 0.8341556561669794
-1.497146845376124 1.4744834926080794
1.3198222333800769 1.3412061289254096
-0.8514986540260381 0.7258011796787773
1.5261233919044628 1.0851150391914328
1.0930900574362377 -0.3553127072135185
1.1656449290639461 0.6004734153625364
-0.8972060575719611 1.0165983845115742
0.8996669200284861 -0.3398440950359949
-0.5105664619295087 1.1385505752705933
1.544465263941614 -0.8198290108828377
1.5440997645530041 1.2745438707645484
1.1582158627089614 1.5754812739979793
0.8070449082220654 0.5806560369469214
0.5832669675085014 0.5806410106516378
-0.8305669116170984 1.1381907856683209
-1.6659781820522284 -0.7948658293500226
-1.0052410387589905 1.5671724859345297
-1.581711334216671 -1.3637826417547996
1.565408606277361 -0.9743535871583209
0.8916407368538293 -1.132732712952198
0.9442735640980238 1.6164480818825564
0.32335351414533964 -1.0834803897143477
0.8218886472343017 1.309524078751922
1.07669946905876 -1.6944265130746747
-1.393856491627456 0.9513786754936202
-0.7188020094600684 1.293086266811713
-1.4316370917468868 1.098625988489673
1.442718646665596 -1.4446183409034399
-1.4893275832266477 -1.5258209014607296
0.7986539143483489 0.975144495853637
1.1901531140264674 1.4596439527565441
0.42304184196757566 1.0873763334217075
-1.483505773762479 0.6268300146910382
0.8721810251178512 1.4149172104577938
1.3874465428392373 -1.097503358217002
0.5767402879573882 -0.8469160551933963
-1.3132417401692464 0.468921426520454
-1.1357049864891962 1.6734475938595774
0.8628652805169832 0.8397250358834563
-1.6038406960287177 1.1339958652471753
0.9020602908600357 0.8826369943494723
1.0821242443371109 -0.8455385435636567
1.102179685099974 0.49218699792607135
-0.507988252085593 -0.4696303198040326
-0.6122577074840292 1.2189855566633931
-0.6998675012085869 1.3496636857795496
0.4394522225786708 -1.0837968392922952
-1.059684058466381 1.5470904480367862
-1.3783546511719464 1.565379136383053
0.3711578574909886 -0.7582783807855735
