0.0685498397746442 0.2827596537515781 
0.04981148358953249 0.07103396485482913 
0.08535222301714468 -0.14292871535871385 
-0.09387598944748532 0.03985250546856286 
-0.22553416566446857 -0.1828287061789976 
-0.09817649619917483 -0.24725126227701316 
0.049535338200724234 0.050703353754389974 
-0.11147673643173074 -0.19681307331537873 
0.06465398795400999 0.23307862756642705 
0.2560084805743927 0.04050519262576328 
-0.08262119785141218 0.19640085124013357 
-0.11285285479332151 -0.13645047161112547 
-0.006293775342052589 -0.05645823339236708 
0.021587664516724548 -3.242138860178906E-4 
-0.025375915489199777 0.019284168127563575 
0.14408051728102697 0.071237044346692 
0.01839152985432118 -0.022413683612573322 
0.1925351971091089 -0.14096334646532546 
0.0881927609842667 0.017523133089236927 
6.500112748675444E-6 -0.0024359096104687077 
0.19101138373712442 -0.07096654769117193 
-0.06910045388257416 -0.1174586574788384 
0.11995804027736835 -0.01339227003387072 
0.11160573485699661 -0.13230492941329017 
0.0012319882104834046 -0.14340008137687166 
-0.21104456845403893 0.0935192962510699 
0.2535371087700274 -0.06608439968022312 
-0.0923923212623469 -0.08984859690794122 
-0.1869867731863812 -0.011614030788604079 
0.11129336175664657 -0.14722755127306889 
-0.0013984745294807206 0.011107575121963658 
-0.029503595886657016 -0.06172522348751099 
0.14474875063590464 -0.23995090358257748 
9.840034323467285E-4 -0.009078628684988887 
0.012887439676178562 -0.0014175655306931875 
0.27776452254077794 0.07108314319490792 
-0.010808140907560774 0.011446187638947525 
0.019128423641738793 0.027738398595217175 
-0.15920074864431014 -0.043698546974344714 
-0.16976846749395702 -0.060507297153050595 
0.009243772624426959 0.017029129202283593 
-0.2175804708889303 0.0721457775024221 
0.19897466783041767 0.03857411919474436 
0.10001613429632854 0.2096318064146756 
0.02281592505292372 0.06416357131326181 
-0.10437035393405227 -0.11609695594357128 
-0.29642753743859873 -0.008086191000703406 
-0.17707440591492948 -0.046736328058478355 
-0.19953604763984284 0.09270067784979592 
-0.06487115430132143 -0.2689167200457232 
0.12894243841001554 0.11998991278391001 
-0.15532180607535478 -0.053360495535338746 
-0.20111381582274387 0.01953356301789629 
-0.04807289120353636 0.010634878082438138 
0.15846728813803573 -0.037150450075636915 
0.21939980471399356 0.12071938717417487 
-0.04050291779325565 -0.17408111817505023 
-0.2430390792684049 -0.16962780794835192 
0.0238166882726919 -0.06943696349595334 
0.22762772865987604 -0.12563956587203406 
0.03270591371837107 0.09449124771467977 
-0.0064227828150989225 -0.010942493355451553 
0.05859697962056071 0.11704098176704143 
-0.1762476194795938 -0.10769055334541365 
9.198550951477238E-4 9.214200929177576E-4 
-0.04843050809935444 0.026622699584607223 
-0.2846415345998317 -0.05965401199760213 
-0.03846394589811019 -0.07229885358830691 
-0.09099544584397917 0.05010778124926132 
-0.11798834696562938 0.0613213680769457 
-0.10153291336033876 0.13752213605797736 
0.009614579741068469 -0.12426165855766251 
-0.1381246174303467 -0.19408287324909862 
0.15525655558312415 0.1031919435021888 
-0.03952816757872511 0.01769991169528398 
0.0366214045260425 0.09661860892788222 
-0.26127152967488726 -0.12329114706271042 
-0.22078757443348965 -0.045994894642579 
0.04847449332976694 -0.11524325308992465 
0.08661329986072111 0.08133268884033079 
0.05453809603377459 -0.12218611109910947 
0.0654714085085395 -0.25820380514160113 
0.27519369026059354 -0.03860039224871218 
-0.04250955737114374 -0.09587054253285429 
-0.017370905741983793 -0.018885833141021564 
-0.24475804131381035 0.1445083072666848 
-0.09511531128088001 0.17895066883852292 
0.0024419254668596787 0.08148134185291694 
-0.027644736327564607 -0.02762654784001668 
-0.16747245782741937 0.04900426229287477 
0.2471809553655341 0.14852064823222944 
0.2862914893976656 -0.04792431418388475 
0.2525530849144319 -0.12343768957872067 
0.0010337758806426161 0.08832273411474624 
0.04513024655775849 0.026456349352283016 
-0.014321745397708556 0.11479511098553463 
-0.008968306481595197 0.03716745132483702 
-0.04103877714436091 -0.0742943777955273 
0.13015028039281717 0.1260801021982529 
0.04324066661978893 -0.16685216530190458 
-0.8837802922623978 1.0571968086552446 
-0.6665107327738935 0.9113256894825943 
-0.7818280070176449 1.005615117849998 
-1.0761953254893382 0.5432053787727233 
-1.0224166479775962 0.6422969801476786 
-0.8187265488347106 0.7150454532232212 
-1.0149785002984213 0.6857021118422078 
-0.7421946720211949 0.5063469868913784 
-0.9525366571801896 0.8570844320331507 
-0.8602503690242284 0.9065814366156275 
-1.0628686739949729 0.9417230440481781 
-1.059087137003725 0.9197110975019 
-0.5490496454693042 1.0542903886861654 
-0.5787058525729287 1.0064740725432606 
-0.7874714102466687 0.5300557035722002 
-0.8432969027653767 0.7286122920663683 
-0.7477240444695283 0.9532700724013574 
-0.5024889962658949 1.033244396287326 
-0.8262646137367243 0.6424780776407748 
-0.9633780625804758 0.8083589688712915 
-0.5445872407433947 1.0396492627722551 
-0.6426636077853523 0.9519266886075217 
-1.0526478336305443 0.8959211862820697 
-0.848883998115216 0.6274038895864619 
-0.6995855028973754 0.5113942639583664 
-1.016656127644111 0.6274229100517816 
-0.6863221584694555 0.9698170185128111 
-0.5579891870707447 0.8352385048767268 
-0.998410512191981 0.9111488129239218 
-0.6701559735393686 0.6600227708263577 
-0.6325399305645831 0.5058854931538296 
-0.8452696897311285 0.8273745602987728 
-0.5763986978663034 0.9346820004085774 
-0.7636277396536905 1.0304328625800072 
-0.679130162588885 0.8352041461132462 
-0.7210485966516027 0.8897568793408519 
-1.0584094241603246 1.0552906438360976 
-0.9398414381436696 0.6316590853539266 
-0.8302061805603552 0.8474042392707528 
-0.843712654902457 0.6749511332915863 
-0.7185885655214528 0.7540000811033094 
-0.8388270929913464 0.9150855948855225 
-0.9054616486056603 1.0668370956199849 
-0.5364063059301272 0.9124501595196504 
-0.7139235482710486 0.6954070435024188 
-1.076659797462965 0.828094445403128 
-0.7839611107769133 0.750554404976274 
-0.6695094999723405 1.0054426959649976 
-1.0954960599412775 0.7390082772056369 
-0.8544817822786104 0.9705694436724007 
-0.5213316210532474 0.5729463004364294 
-0.5003053457452992 0.9163883482332885 
-0.7513389471225361 1.0258589336634252 
-0.614167315164659 0.8476280809774763 
-0.6192612704644601 0.8118807844949432 
-1.0112440542170638 0.8937423844029333 
-0.8848031856370563 0.930404143535456 
-0.6070371353547798 0.845925134793532 
-0.7762112584643169 0.7011884614654651 
-0.7382092038926859 0.5421741962881516 
-0.6823414304678899 1.0173277095689703 
-1.0920282392410723 0.9108719364739402 
-0.6982475097157619 0.5643361864043808 
-0.5301928624211706 0.688623151907563 
-0.6746143377129136 0.6932616951418515 
-0.7297257073300301 0.6521148296534365 
-0.998898192842981 0.6941334664859293 
-0.5317854444283231 0.8465356734313622 
-0.9448258843611117 0.5932005890752404 
-0.9886624289380529 0.9546166324062035 
-0.8669434060631187 0.6933153099623156 
-0.7298869700256636 0.8306270910130075 
-0.9881938468683369 0.891463756377783 
-0.8302931957341279 0.7226849810178151 
-1.0310431672055265 0.7408452826623315 
-0.6560455994291141 0.824512290062759 
-0.6764619727838423 0.677050011988529 
-0.5890493916033139 0.5342911136000819 
-0.6001100669086548 0.998782507395076 
-0.8858299427347562 0.9535486353137699 
-1.0313597247728425 0.6832280763544067 
-0.8138804504253119 0.5330229490560067 
-0.8083328700239677 0.9245564779709958 
-1.0266413108580013 0.9652351221828408 
-0.9609161178753456 1.0112065398029182 
-0.887688438881856 1.0350162029081686 
-0.9437570708594683 1.0034931773376803 
-0.7353721161108325 0.769511431001521 
-0.9625337930970725 0.6377272331267763 
-0.8910618598912879 0.6782073016204311 
-0.9893290672718245 0.5664365727083037 
-0.5573167538263504 0.941300579809811 
-0.6467296023035441 0.8464256447521786 
-1.0267151455427568 0.891251769871067 
-0.7553097133705275 0.507308945887716 
-1.0277411422128377 0.6376390345724297 
-0.7854479235090723 1.0728022237929071 
-0.5710398680731805 1.0094519462845115 
-0.7319639650168988 0.6654540377967539 
-0.727517229494839 0.7317379412174653 
-0.6388530128241778 -0.5973517951084002 
-0.569174070704191 -0.6849623023905118 
-0.7414325075214842 -0.6123933960194259 
-1.0342287036379973 -0.6836807465792456 
-0.964506589801426 -0.886230147735084 
-0.5399958675815978 -0.9708560712638117 
-0.7176918159720971 -0.8656678321233946 
-0.5601540930157363 -0.9214293872392155 
-0.7628369311507674 -0.5991452545571097 
-0.9074477012235502 -0.7671713922859162 
-0.5935088818128725 -0.6542191855029246 
-0.5185336050732402 -0.6009376069307484 
-0.8628057187382037 -0.8266761344615964 
-0.52459725919844 -0.9555249281293886 
-0.923296756593253 -1.068401389863965 
-0.7095258868764736 -0.8230288097148415 
-0.901678867665036 -1.033986595949597 
-0.7068416574857899 -1.0690776523966419 
-0.9207772225031923 -0.5001594511296358 
-1.067260978605768 -0.8660469689432113 
-0.7028076563374378 -0.6474702196544508 
-0.6406607536603712 -0.6203327187615786 
-0.6403569417791732 -0.6102713304207863 
-0.7593957288183375 -0.9009897538766849 
-0.705326370912563 -0.5988782235891199 
-0.6843261481789669 -0.6905178267055632 
-0.6811230772025908 -1.076900787041076 
-1.0805778397212387 -0.6733041863081703 
-0.7496725669838636 -0.7370864344051906 
-0.5269719648977871 -1.0532083445695763 
-1.0423649280000782 -0.5606176047973479 
-0.8312249588006323 -0.7490011985531768 
-0.5728365229900435 -0.8676577108808036 
-0.622433687468007 -0.5548472785359944 
-0.6095276314818548 -0.7710413098265102 
-0.9230248285866706 -0.7727452473589644 
-1.0172458675109177 -1.0303560205684563 
-0.7642613081403249 -0.5248186656565742 
-0.9995042377992103 -0.7702646378568064 
-0.6025630226585729 -1.0355753327435526 
-0.6071916107177793 -0.674768439824017 
-0.9183130432742663 -0.6377302426116236 
-0.9441724629670606 -0.8982131049438508 
-0.5344842483767803 -0.899913562904622 
-0.5967021209350896 -1.044191300499635 
-0.87933593913836 -0.5005619459651974 
-0.8410822531891049 -0.7550967652657234 
-0.8355936416287366 -0.6795175739764053 
-0.8427709770677514 -0.5279367043480561 
-0.5679394211312333 -0.8873363772332437 
-0.950200532686744 -0.7261106664796931 
-0.6013043067664348 -0.8220330843553961 
-0.5078450545665001 -0.7922158027646143 
-0.8343682307091594 -0.7939674621941115 
-0.5656193172431199 -0.7835398761184906 
-0.5158371738647608 -1.0918027537921762 
-0.6454792540129479 -0.5497548706894277 
-0.8854809506715996 -0.7359435942205372 
-0.5411334181419437 -0.9514257817536782 
-0.9875796634072322 -0.5005876582626301 
-0.7730638410765048 -1.0783006393512955 
-0.901340263576933 -0.9615014687107788 
-0.5985940841153587 -1.067949417704635 
-0.7010092528799057 -0.9838576089303717 
-0.5855308203357593 -0.6481709569089584 
-0.8578213719276839 -0.5029469922753295 
-0.6979447568066754 -0.930688588075927 
-0.9265881895108956 -0.8703065859805184 
-1.0139456559333677 -1.0690071299125146 
-0.8216446757236056 -1.0387792815319032 
-0.5978451577221213 -0.5599045612533256 
-0.9800357252682199 -0.6422494843442004 
-1.0828903726367247 -0.8158842962725941 
-0.63423900638183 -0.7892742379831335 
-0.5857900565210301 -0.7650148955348669 
-0.6723839797726154 -0.7345565002084682 
-0.6705444888542637 -0.6449356953921158 
-0.9508417495509047 -0.7181837540628129 
-0.8066289252075671 -1.0494085957103125 
-0.8422237580642127 -0.9697813329792428 
-0.5253699269383705 -0.6586476465941131 
-0.8512419457115533 -0.7632070144733762 
-0.6683926447891317 -0.7387596998195242 
-0.7115466032232929 -0.8771394734774456 
-0.9433061958625644 -0.6309809539789502 
-0.8885727502648115 -0.8678899076673161 
-0.8543336790709085 -0.6679957149501794 
-0.8565892364404329 -0.5929929094981435 
-0.9593819960742795 -0.8524753566194425 
-1.0925595074032677 -1.0376089087772213 
-0.7200858776813585 -0.8120770504791743 
-0.6350866600659139 -0.6904973094064731 
-0.9576497517172726 -0.6054931222068107 
-0.693629493130627 -1.0922958198860448 
-0.5048500145440855 -1.095743836325701 
-0.9613403757470362 -0.9360682250065528 
-0.6533489652151347 -0.8297579247287057 
-0.7842899527642426 -0.6385593310812836 
-0.8355116664553568 -1.0673861092174597 
-0.9705075237966437 -0.8203222000135615 
0.5487951050604161 -0.5883456094416001 
0.8158198291089008 -0.8338598462992066 
0.7474026631829641 -0.572193919940877 
0.6364823045851662 -0.9611493477169333 
0.766231213768857 -0.7942826772647502 
0.5747955729003409 -0.9653938547975484 
0.6630247809221642 -1.0097434384541109 
0.5259766732748259 -0.7265735210933095 
0.7162942056023367 -0.907908980099309 
0.7768485541820456 -0.7163439391052819 
0.7337931419098309 -0.611175301379674 
1.0512099269101216 -1.0750562857996806 
0.5060630761643868 -0.5651608660014977 
0.5477928108900145 -0.8421507762838136 
0.7205440257045993 -1.0211215693281013 
1.0170666725248798 -1.0609009668268485 
0.5304587752823947 -0.546930966200079 
0.711233242776997 -0.8294633798104014 
0.6201393938732299 -0.9195374178700858 
0.6985927857242873 -0.9024132161721119 
1.0246754956641444 -0.9496608494759882 
0.5590479733093359 -0.9604238361001316 
0.7467250795205964 -0.8685938536125872 
1.0718477016337487 -0.9604738850433308 
0.7670392188659975 -0.8673229102379569 
0.5697590706345614 -1.054942671218545 
0.7677131578336616 -0.8197877624806222 
0.5656917799114521 -0.8251810279328813 
0.5783872570126717 -0.7449476219346698 
0.8583850022850932 -0.6136213029669216 
1.0155820360313135 -0.9664254788422239 
0.793102580053475 -0.7582168265440098 
0.6140625309437511 -0.613852410378574 
0.8913689872998969 -0.7339776557777902 
0.5465883666109963 -0.8766360708195752 
1.0706134831240761 -0.9885959613947541 
0.9946163813414128 -1.0687285602538361 
0.7501766159591106 -0.8226312281997776 
0.9674842015846015 -0.6920708120557482 
0.684468813534741 -0.8094514917731918 
1.0713135328151004 -1.0967421277516156 
0.7771567085885038 -0.9761039720413165 
0.6013332636067883 -0.8274447536481069 
1.0120889551191579 -1.0735146511697773 
0.5725331729005174 -0.5188054111859481 
0.7872591457270017 -0.9528930002610709 
0.9135201853119909 -0.6560769693358177 
0.957439253029467 -0.9349447127378439 
0.6271597435969296 -0.8531749659444557 
0.7792033058380128 -0.9094716838402781 
1.0690462753685446 -0.7165855530554179 
0.9088964683922195 -0.5351652380307169 
1.0110571257682008 -0.6615326038684638 
1.0296910261420726 -0.5228750876696404 
1.0422056849179326 -0.8258936156164508 
0.578206590660428 -0.7803628769775586 
0.9127202029518613 -1.0877054572940639 
0.8042576646370152 -0.7725262028679505 
0.8497357072511742 -0.7337025607767966 
0.8291277254263123 -0.8083049921132544 
1.0641973910243165 -0.5491816417260108 
1.0683551207686561 -0.5039591267307633 
1.0285349279281553 -0.8035889992284189 
0.5543516257026653 -0.7921324940715346 
1.0333778207531545 -0.5915773425661415 
0.5322606208059613 -0.7470954555013175 
0.62904304312855 -0.6558813080819017 
0.8092980627647105 -0.7787838976060861 
0.6237371754270579 -0.9662119805676082 
0.9134047722261712 -0.8117301618614243 
0.545375987444208 -0.7574723508226925 
0.9613751977586787 -0.5097070522040698 
0.677635615784423 -0.8409474736615907 
0.8497129569144042 -0.6328832446862691 
0.953310193372003 -0.9937243250942887 
0.5633002798090782 -0.8215146951376037 
0.5292618257236289 -0.7044479234923557 
0.6475535808942521 -0.8886732217951692 
0.9772097801792127 -0.9076223471586009 
1.0090739614709863 -1.0742400977333413 
0.9033166870119811 -0.5740159544136939 
0.5978869866433436 -0.6633689722892981 
1.0569902842940517 -0.7413326822742015 
0.581202257745998 -0.7048490734051098 
0.8055305851838372 -0.7671619483459893 
0.9442089256899945 -0.6782760305008644 
0.8362128317114403 -1.0653220107956187 
0.6477598284284667 -0.8536645869373038 
0.5011078593152841 -0.5470624971242652 
0.9358820265060078 -0.7631135118093211 
0.5424023511555831 -1.030194072858181 
0.7178882836652418 -0.6613601665087671 
0.6271922592850754 -0.6020641771556604 
0.5504493386760275 -1.0905381344473104 
0.7806837687225799 -0.5263997282940472 
1.0143232595507647 -0.6841784875849662 
0.8354471959004494 -0.7693890618939986 
0.8185235269393061 -0.9464713700304274 
0.6118297246301105 -0.5869769132247286 
0.7715441737470996 -0.525031254172265 
0.910844464213256 0.5368019006983548 
0.6348454608081614 0.9411138890624187 
0.5358136589201025 0.5815234297911276 
1.0181401620816017 0.5718633473152145 
0.8627551672904785 0.8828312972489116 
0.6891060371095408 0.8422909294396748 
0.9519621420175493 0.9047691677750618 
0.9519861642263281 0.7651492770352635 
0.8344367398116523 0.9982573487559997 
0.700124896217344 0.9115048787363556 
0.6167998991303829 0.5978801541784272 
0.566822726467118 0.6516511721706191 
0.6270095975915909 0.5737992497817717 
0.8869798380294875 0.5474701289868014 
0.970681650262733 0.83900669639106 
0.7388334762554039 0.7951866623022472 
0.5840173973375374 1.014279628827786 
0.7606807191567668 1.0039832851960566 
0.754304103067761 0.7740970313941969 
0.5318138141989384 0.6012159083500914 
0.9326643925060168 0.6364278529662977 
1.0699814004490358 0.9789953783880083 
0.8861922694862363 0.6176973772861708 
0.629524684307182 0.9396723781682776 
1.0278240260307032 0.7513879914425339 
1.0849237900763131 1.059287147228493 
0.7222535283336641 0.5646285508573337 
0.9538252229573936 0.8683185880146387 
0.6949119641546265 0.6217749333333271 
0.9517074931758058 1.048091051505593 
0.5684933499722717 0.5773828575235379 
1.0771778300024342 0.7589703267728756 
0.6177179043630154 0.8331228181942041 
1.0024788316505155 0.7530038349763705 
0.8679863868626116 0.8640847565266553 
0.7881197083554887 0.8789334989489225 
0.667289437646021 0.5695691540808964 
0.8536331608728104 0.5615333500360954 
0.6331967075502876 0.6118594055724658 
0.7182942858326109 0.8299969200355509 
0.6179619985742772 0.8336185896523935 
0.6762241172385297 0.6816234661895639 
0.8447408555308218 1.0904526459289263 
0.6896366415842169 0.5973251242708552 
0.6466285902182476 0.5998299606106628 
0.5720733969895739 1.074500645140461 
0.6876875418406078 0.7909461074720573 
0.7903063196039999 0.510594826838693 
0.9613428658891259 0.6422705816545053 
0.7391751606964259 0.6571861698812509 
1.0464877913977653 1.0144114104448536 
0.7379615756504635 0.5697187384385058 
0.6553496168304571 0.5255811583335124 
1.0599884894749705 0.5020175614257201 
1.029629052427501 0.8753469869542658 
1.0389685428875606 0.9375005486161795 
0.8326361450202379 0.7994954643231792 
0.6962118845110474 0.9105230588079465 
1.0451073169835599 1.0347413782722534 
0.6021394117534683 0.7515648607199876 
1.0010984852760405 0.9866582792065438 
0.8236332940816335 0.9889928435113138 
0.8978108110742027 0.8276068125979008 
0.615592917139005 0.9579056758262092 
0.6794159692339645 0.9035854417107658 
0.5906497535234019 0.503090861599606 
0.729909047594435 0.5998266377146508 
0.6453313848469129 0.8183973828420481 
0.9137282160933707 1.0046097325310828 
0.5340500642230276 0.9388508844806633 
0.775340974916513 0.8191606143653267 
0.6641276617059502 0.694611865541493 
0.5502079667022718 0.5886563388725458 
0.8356545210840667 1.047400514053138 
0.8494960992770686 1.0752515240795875 
0.6693158817976784 1.0602854736353708 
0.8596237788201149 0.6586916729565004 
0.553405190540697 0.9007571531464457 
0.6451820679437181 1.0334770749247457 
1.0980798625564638 1.0447797145003905 
1.0599861387136285 0.9736892921518685 
0.5105007709248917 1.0360392759655332 
0.8559728371686599 0.7574907869023628 
0.798832774746542 0.5598792562062427 
1.0333708415195761 0.7829566080415756 
0.6761695506683576 0.815437220616235 
1.0980307107464458 0.9652955051854204 
0.8672818219621397 0.6122712102242559 
0.6830134056364686 0.8826662706649789 
1.0216742592173476 0.8792867534862234 
0.9514964581200525 0.933693522431823 
0.6057718016422635 0.7540491905793612 
0.5267681724133936 0.5844357856065402 
0.585142741884076 0.9195896409683659 
0.9925409453739347 0.9159567214405707 
0.8145011714874448 0.5735860686550343 
1.073025959216031 0.7357993172268216 
1.0288179092960221 0.9513245721788122 
0.8371721796041447 1.0875608758485462 
0.9732044530369144 0.8791192109856112 
0.9172796194852539 -0.39194902059807224 
-0.25893007465509865 -0.6370250206232011 
0.5596380933065701 -0.7172415250466755 
0.7396490268406746 0.5913057081464788 
0.3692043648195322 -0.6271547474231731 
0.45173871836486845 -0.18320038641180192 
0.21430763239813144 0.5043915766076323 
-0.6691341531241553 -0.6676876873642084 
-0.39581544275005576 0.896019982413959 
0.24869583510648074 0.5320127522237912 
-0.9710124323519485 0.8560639313522731 
-0.17564659959188145 -0.07450969647692207 
-0.07056620742439246 -0.7281200812062443 
0.8165194163530245 -0.5485913732282808 
0.9597296131505042 -0.32074477294114856 
-0.5305210142616943 -0.9297399064095249 
0.05310990157855433 0.2986901510574722 
0.5812475564876638 0.6958520040747673 
0.20753237650870004 0.2866640020987703 
-0.49864378734520476 -0.33226607568681255 
-0.12022715394450545 -0.626180634606619 
0.2678293429221248 -0.8281458335054639 
0.40936818016919085 0.048330154895896094 
0.6573417817767135 0.28431035424515283 
0.9895583414713918 0.49154462064121285 
0.04949528350168508 -0.3568611607494643 
0.36058164173954244 0.5843247812072698 
0.6956074057694916 0.1456642626768847 
-0.3786201981881683 0.4763296578778553 
-0.7656411374906782 -0.47599052133716446 
0.33897340235318985 -0.5531798818206131 
-0.8889008914806913 -0.831055334812077 
0.4804712692663866 0.08438924343506704 
-0.06543801337858035 -0.8476691376040781 
-0.39912001439224776 -0.8256484229845493 
0.7441973378963518 -0.9590065799727123 
0.19058334317466974 0.10635223126447424 
0.6632772386296233 -0.200062486980511 
0.11956426392539132 0.10108477741157595 
0.4773889510016256 -0.1496035784102061 
-0.288854647987431 -0.8961643494144924 
0.30487873170575996 0.17828143404781738 
0.13622708272781514 -0.19609997246665767 
-0.28473461330423877 -0.7188192973516694 
-0.46029461948099715 -0.08725724194870788 
-0.5964055328767435 0.6971314364537213 
-0.40604576384755475 0.5701065815453865 
-0.15684255644537526 -0.12403055605869073 
0.019961589455782525 0.5460966302112455 
0.2159529269851288 -0.7658631522568893 
0.02490989604531957 0.7685994909944656 
0.3597212313699203 0.37640749321152445 
-0.4243036642072051 -0.37077694493073676 
-0.5276644617267305 0.673067985894273 
-0.03891010180429988 0.5072709499250059 
-0.12121379392209808 -0.3513303245823052 
0.1909266947238637 -0.9999059548034919 
0.2929487679492322 0.9685457283119225 
-0.5610528054579826 0.4594893821612396 
0.695778500228722 0.20186498795324015 
-0.0434172428049473 0.6076451798547176 
0.2035271724968546 0.9950731392454155 
-0.33179842108690516 -0.7575417250569221 
0.11403232152468346 0.8071486496691858 
-0.9959727701550385 -0.6591208136261886 
0.6960804910846625 -0.061819005917148395 
0.43514678479583146 -0.7697326334001111 
0.22630091790638152 0.22535439718116757 
-0.35427218465309185 -0.07843205994040647 
0.2799973425347797 0.48550041729020377 
0.3107669285828323 -0.815551166800742 
0.3467808502904801 0.550960174449167 
0.04339600436067559 0.49336575481132616 
-0.5311822936945496 0.575574427703716 
-0.76602491613322 0.5848506199189076 
0.7889610267346288 -0.819800823023727 
-0.7760962280151227 0.0401462480330983 
0.6479869115866721 0.9622215036365782 
-0.459713369212706 -0.9563600057874766 
-0.815390312209701 0.9111289048767806 
-0.23670883083230976 -0.7336247205102613 
0.26890359783811113 0.35226342344411643 
0.006239286828556123 0.6852492430002479 
-0.9607885624310255 0.18347055868895623 
0.9591774195540961 -0.9276672605704885 
-0.685425971857913 0.3744295254330301 
-0.020127045188228943 -0.12492375177211823 
0.7191670483464825 -0.033968165485875446 
-0.18811239674344993 -0.7430049849279063 
0.48218547202054207 -0.8627492694563164 
-0.8324181541762965 -0.8202475260268374 
-0.4339315836470412 0.29952484140980706 
-0.3653921788507215 0.5813917601502598 
-0.9720890950216696 0.6337547713364047 
-0.8523494623895975 0.941791054739676 
0.3333613518697527 0.0025921529150760847 
0.6128810254812531 -0.17475181434383602 
0.7192577861252238 -0.2492237461671405 
-0.8192121880146526 0.3514269071691618 
-0.3592918210505891 -0.4511464051956311 
